I
810

3     10.08335400  105.70546400      6 11320 195       0.000 TRN   CAN THO VOR-DME
4     10.07555500  105.69517200      6 10990  27     239.900 CT    VVCT ILS/DME 24
4     10.09188100  105.72377900      6 10930  27      59.900 ICT   VVCT ILS/DME 06
6     10.08833200  105.71938200      6 10990  27  300239.900 ---   VVCT ILS/DME 24
6     10.07910400  105.69956900      6 10930  27  300059.900 ---   VVCT ILS/DME 06
12    10.08335400  105.70546400      6 11320 195       0.000 TRN   CAN THO VOR-DME
12    10.07555500  105.69517200      6 10990  27       0.000 CT    VVCT ILS/DME 24
12    10.09188100  105.72377900      6 10930  27       0.000 ICT   VVCT ILS/DME 06
