I
1100

1     33 1 0 VVDN Da Nang Intl
1302 city Da Nang
1302 country Vietnam
1302 datum_lat 16.043888889
1302 datum_lon 108.200277778
1302 iata_code DAD
1302 icao_code VVDN
1302 state Da Nang Municipality
1302 transition_alt 9020
1302 transition_level 11000
1302 flatten 1
1302 drive_on_left 1
100 45.11 1 2 0.25 1 3 1 17L  16.06036553  108.19800391    0  301 5 4 1 2 35R  16.02903800  108.20252802    0  305 5 4 1 2
100 45.11 1 0 0.25 1 3 1 17R  16.05740800  108.19643300    0  305 5 4 1 2 35L  16.03012500  108.20039200    0  305 5 4 1 2
102 H8  16.05828453  108.19443605 262.59 33.80 33.20 2 0 0 0.00 0
102 H7  16.03931766  108.20486325  14.80 35.10 36.20 2 0 0 0.00 0
110 1 0.30 172.0600 Default taxiway for RWY 17R
111  16.05781781  108.19818057
112  16.05749439  108.19779471  16.05745198  108.19741757
111  16.05749439  108.19779471
112  16.05749439  108.19779471  16.05750210  108.19779471
111  16.05709731  108.19541970
111  16.05660786  108.19549838
111  16.05629969  108.19554792
111  16.05501912  108.19573269
111  16.05485674  108.19575612
111  16.05445773  108.19581600
111  16.05396923  108.19588417
111  16.05312712  108.19600567
111  16.05150490  108.19623974
111  16.05109583  108.19629876
111  16.04387421  108.19734072
111  16.04351597  108.19739241
111  16.04060249  108.19781278
111  16.04003051  108.19789530
111  16.03979628  108.19792910
111  16.03924042  108.19800930
111  16.03030364  108.19929873
112  16.03003272  108.19955499  16.03006544  108.19982051
111  16.03003272  108.19955499
112  16.03003272  108.19955499  16.03004875  108.19965534
112  16.03011538  108.20008952  16.03013430  108.20020832
111  16.03011538  108.20008952
112  16.03011538  108.20008952  16.03013894  108.20023742
112  16.03018915  108.20063904  16.03021422  108.20079732
111  16.03018915  108.20063904
112  16.03018915  108.20063904  16.03027877  108.20120482
112  16.03039882  108.20191443  16.03041165  108.20202311
111  16.03039882  108.20191443
112  16.03039882  108.20191443  16.03041273  108.20203225
112  16.03030342  108.20211328  16.03023654  108.20214858
111  16.03030342  108.20211328
112  16.03030342  108.20211328  16.03024791  108.20213898
111  16.03014513  108.20217982
111  16.03109518  108.20203401
112  16.03099089  108.20200898  16.03094944  108.20198897
111  16.03099089  108.20200898
112  16.03099089  108.20200898  16.03085442  108.20196643
112  16.03084027  108.20178522  16.03080074  108.20166886
111  16.03084027  108.20178522
112  16.03084027  108.20178522  16.03079396  108.20149478
112  16.03070335  108.20086736  16.03065147  108.20050761
111  16.03070335  108.20086736
112  16.03070335  108.20086736  16.03068488  108.20068940
112  16.03074097  108.20052216  16.03078693  108.20046309
111  16.03074097  108.20052216
112  16.03074097  108.20052216  16.03080074  108.20044534
111  16.03075809  108.20037348
112  16.03066906  108.20009454  16.03059338  108.20004551
111  16.03066906  108.20009454
112  16.03066906  108.20009454  16.03046918  108.20011785
112  16.03043570  108.19978222  16.03041032  108.19961424
111  16.03043570  108.19978222
112  16.03043570  108.19978222  16.03042757  108.19951101
111  16.03067037  108.19947144
111  16.03741456  108.19850932
112  16.03763795  108.19863148  16.03767728  108.19877963
111  16.03763795  108.19863148
112  16.03763795  108.19863148  16.03776728  108.19907752
111  16.03751564  108.19912629
111  16.03757085  108.19951129
112  16.03778754  108.19962078  16.03783575  108.19977563
111  16.03778754  108.19962078
112  16.03778754  108.19962078  16.03787170  108.20019038
112  16.03794323  108.20083234  16.03790748  108.20094122
111  16.03794323  108.20083234
112  16.03794323  108.20083234  16.03786898  108.20105850
111  16.03773095  108.20109370
111  16.03852272  108.20097573
112  16.03816502  108.20078785  16.03806816  108.20059024
111  16.03816502  108.20078785
112  16.03816502  108.20078785  16.03804777  108.20039013
112  16.03802087  108.19958381  16.03808275  108.19950677
111  16.03802087  108.19958381
112  16.03802087  108.19958381  16.03808481  108.19943039
111  16.03822773  108.19940819
111  16.03817544  108.19903181
112  16.03788581  108.19872505  16.03786439  108.19844646
111  16.03808946  108.19841303
111  16.04354894  108.19763419
112  16.04824857  108.19691718  16.05036970  108.19656532
111  16.04824857  108.19691718
112  16.04824857  108.19691718  16.04844026  108.19689094
112  16.04855577  108.19714081  16.04856275  108.19730850
111  16.04855577  108.19714081
112  16.04855577  108.19714081  16.04860799  108.19741229
111  16.04829702  108.19755643
112  16.04833847  108.19793922  16.04835961  108.19806375
111  16.04833847  108.19793922
112  16.04833847  108.19793922  16.04855072  108.19790926
112  16.04865446  108.19821922  16.04868201  108.19833584
111  16.04865446  108.19821922
112  16.04865446  108.19821922  16.04873141  108.19854498
112  16.04876838  108.19910986  16.04878778  108.19936125
111  16.04876838  108.19910986
112  16.04876838  108.19910986  16.04878989  108.19938857
112  16.04844866  108.19953514  16.04845242  108.19953453
111  16.04844866  108.19953514
112  16.04844866  108.19953514  16.04862856  108.19950582
112  16.04951992  108.19938690  16.04969790  108.19936053
111  16.04951992  108.19938690
112  16.04951992  108.19938690  16.04954383  108.19938336
112  16.04910555  108.19908652  16.04906629  108.19885133
111  16.04910555  108.19908652
112  16.04910555  108.19908652  16.04906865  108.19886546
112  16.04897366  108.19816500  16.04897948  108.19786975
111  16.04897366  108.19816500
112  16.04897366  108.19816500  16.04898160  108.19803944
111  16.04912771  108.19783339
112  16.04907095  108.19745528  16.04900336  108.19734302
111  16.04907095  108.19745528
112  16.04907095  108.19745528  16.04881380  108.19737911
112  16.04878670  108.19697231  16.04879805  108.19684433
111  16.04878670  108.19697231
112  16.04878670  108.19697231  16.04879959  108.19682699
112  16.04911000  108.19677298  16.04912688  108.19677031
111  16.04911000  108.19677298
112  16.04911000  108.19677298  16.05057934  108.19654105
112  16.05179653  108.19647496  16.05181551  108.19659271
111  16.05179653  108.19647496
112  16.05179653  108.19647496  16.05180921  108.19652545
112  16.05173910  108.19656956  16.05169802  108.19659841
111  16.05173910  108.19656956
112  16.05173910  108.19656956  16.05131005  108.19687085
112  16.04947702  108.19739840  16.04951070  108.19739343
111  16.04947702  108.19739840
112  16.04947702  108.19739840  16.05018474  108.19729396
111  16.05145316  108.19709506
112  16.05146475  108.19690575  16.05164019  108.19683501
111  16.05146475  108.19690575
112  16.05146475  108.19690575  16.05213607  108.19663508
112  16.05400054  108.19608737  16.05473469  108.19599125
111  16.05400054  108.19608737
112  16.05400054  108.19608737  16.05503526  108.19593445
112  16.05577092  108.19580918  16.05581248  108.19580226
111  16.05577092  108.19580918
112  16.05577092  108.19580918  16.05594613  108.19578001
112  16.05599323  108.19621379  16.05602042  108.19647154
111  16.05599323  108.19621379
112  16.05599323  108.19621379  16.05601662  108.19642940
111  16.05577176  108.19650017
111  16.05652923  108.19672039
112  16.05691069  108.19692025  16.05718061  108.19720210
111  16.05691069  108.19692025
112  16.05691069  108.19692025  16.05712017  108.19716479
112  16.05704193  108.19809579  16.05685481  108.19845905
111  16.05704193  108.19809579
112  16.05704193  108.19809579  16.05691782  108.19824433
113  16.05683669  108.19831640
110 2 0.30 170.0000 Default taxiway for RWY 17L
111  16.02905226  108.20271810
111  16.02905663  108.20274724 3 102
111  16.02918964  108.20360578 3 102
111  16.02926298  108.20405522 3
111  16.02997196  108.20393049 3 102
111  16.03023777  108.20389381
111  16.03059593  108.20384474 3 102
111  16.03396813  108.20335492
111  16.03444290  108.20328625 3 102
111  16.03592050  108.20307253
111  16.03628792  108.20301939 3 102
111  16.03833302  108.20272358
111  16.03883159  108.20265293 3 102
111  16.04206287  108.20218181
111  16.04238327  108.20213632 3 102
111  16.04298978  108.20204810
111  16.04326185  108.20200853 3 102
111  16.04388487  108.20191319
111  16.04420257  108.20186254 3 102
111  16.04692907  108.20146152
111  16.04744612  108.20139757 3 102
111  16.04829936  108.20125795
111  16.04953685  108.20109580
111  16.05195159  108.20094918
111  16.05204721  108.20156783
111  16.05206325  108.20167074
111  16.05219112  108.20249122
111  16.05882566  108.20141643 3 102
111  16.05918425  108.20064311 3 102
111  16.06087793  108.20037664 3 102
112  16.06072161  108.19912691  16.06069934  108.19896816
111  16.06072161  108.19912691
112  16.06072161  108.19912691  16.06062812  108.19913729 3 102
112  16.06052559  108.19885435  16.06040039  108.19859378
111  16.06052559  108.19885435
112  16.06052559  108.19885435  16.06043943  108.19863795 3 102
112  16.06039639  108.19822254  16.06037989  108.19813429
111  16.06039639  108.19822254
112  16.06039639  108.19822254  16.06039287  108.19820373
111  16.06039087  108.19819329
111  16.05985671  108.19827003
112  16.05994842  108.19830075  16.05997210  108.19831886
111  16.05994842  108.19830075
112  16.05994842  108.19830075  16.06001012  108.19834468 3 102
112  16.06017309  108.19869139  16.06021734  108.19894582
111  16.06017309  108.19869139
112  16.06017309  108.19869139  16.06026376  108.19910313 3 102
111  16.06001595  108.19924290 3 102
112  16.05940497  108.19943642  16.05900245  108.19951345 3 102
111  16.05851774  108.19954703 3 102
112  16.05797047  108.19954975  16.05776364  108.19951509
111  16.05797047  108.19954975
112  16.05797047  108.19954975  16.05781233  108.19950490 3 102
112  16.05776329  108.19904413  16.05772210  108.19880975
111  16.05776329  108.19904413
112  16.05776329  108.19904413  16.05774540  108.19877791 3 102
112  16.05789609  108.19858959  16.05796056  108.19853080
111  16.05789609  108.19858959
112  16.05789609  108.19858959  16.05793242  108.19855646
111  16.05796185  108.19854579
111  16.05692958  108.19869035
112  16.05700474  108.19871223  16.05705204  108.19872664
111  16.05700474  108.19871223
112  16.05700474  108.19871223  16.05706845  108.19873522 3 102
112  16.05717544  108.19885880  16.05721006  108.19893536
111  16.05717544  108.19885880
112  16.05717544  108.19885880  16.05724814  108.19908127 3 102
112  16.05725382  108.19960990  16.05719711  108.19970474
111  16.05725382  108.19960990
112  16.05725382  108.19960990  16.05712459  108.19971769 3 102
111  16.05660161  108.19983170 3 102
112  16.05036054  108.20075406  16.04962973  108.20089037
111  16.05036054  108.20075406
112  16.05036054  108.20075406  16.04956403  108.20077073 3 102
112  16.04924742  108.20042765  16.04916298  108.19989557
111  16.04924742  108.20042765
112  16.04924742  108.20042765  16.04918834  108.20006008 3 102
112  16.04934614  108.19982375  16.04941739  108.19975026
111  16.04934614  108.19982375
112  16.04934614  108.19982375  16.04938557  108.19978308
111  16.04942032  108.19977108
111  16.04858080  108.19990498
112  16.04867876  108.19992464  16.04873515  108.19994702
111  16.04867876  108.19992464
112  16.04867876  108.19992464  16.04877418  108.19996252 3 102
112  16.04896249  108.20038901  16.04901298  108.20079970
111  16.04896249  108.20038901
112  16.04896249  108.20038901  16.04904282  108.20089283 3 102
112  16.04844897  108.20098474  16.04798933  108.20108690
111  16.04844897  108.20098474
112  16.04844897  108.20098474  16.04800644  108.20112963 3 102
111  16.04463451  108.20153643 3 102
112  16.04413708  108.20132724  16.04409215  108.20104220
111  16.04413708  108.20132724
112  16.04413708  108.20132724  16.04413517  108.20131844 3 102
112  16.04409903  108.20074603  16.04415254  108.20052998
111  16.04409903  108.20074603
112  16.04409903  108.20074603  16.04413647  108.20061034 3 102
111  16.04429736  108.20052448
111  16.04350214  108.20063791 3 102
112  16.04389701  108.20114676  16.04397881  108.20167343
111  16.04389701  108.20114676
112  16.04389701  108.20114676  16.04396642  108.20160411 3 102
112  16.04335337  108.20172748  16.04290226  108.20184783
111  16.04335337  108.20172748
112  16.04335337  108.20172748  16.04319048  108.20177094 3 102
112  16.03916294  108.20237083  16.03691676  108.20269023
111  16.03916294  108.20237083
112  16.03916294  108.20237083  16.03913146  108.20237530 3 102
112  16.03836425  108.20200945  16.03829095  108.20150293
111  16.03836425  108.20200945
112  16.03836425  108.20200945  16.03831128  108.20160613 3 102
112  16.03848483  108.20138962  16.03855609  108.20133026
111  16.03848483  108.20138962
112  16.03848483  108.20138962  16.03851860  108.20136149
111  16.03854541  108.20135532
111  16.03761683  108.20147713
112  16.03773921  108.20150130  16.03780885  108.20152761
111  16.03773921  108.20150130
112  16.03773921  108.20150130  16.03785309  108.20154432 3 102
112  16.03805947  108.20199214  16.03810682  108.20232091
111  16.03805947  108.20199214
112  16.03805947  108.20199214  16.03814241  108.20255337 3 102
112  16.03752626  108.20263804  16.03717324  108.20270190
111  16.03752626  108.20263804
112  16.03752626  108.20263804  16.03532511  108.20294858 3 102
112  16.03148475  108.20351136  16.02993835  108.20372971
111  16.03148475  108.20351136
112  16.03148475  108.20351136  16.03105993  108.20356223 3 102
112  16.03100914  108.20296331  16.03097424  108.20267429
111  16.03100914  108.20296331
112  16.03100914  108.20296331  16.03096537  108.20268344 3 102
112  16.03109324  108.20246437  16.03114696  108.20239562
111  16.03109324  108.20246437
112  16.03109324  108.20246437  16.03111970  108.20243050
111  16.03114121  108.20241644
111  16.03012242  108.20257150
112  16.03021426  108.20259177  16.03026761  108.20260987
111  16.03021426  108.20259177
112  16.03021426  108.20259177  16.03039182  108.20264947 3 102
112  16.03049217  108.20303218  16.03053797  108.20333839
111  16.03049217  108.20303218
112  16.03049217  108.20303218  16.03055396  108.20338985 3 102
112  16.03035377  108.20360294  16.03012401  108.20365221
111  16.03035377  108.20360294
112  16.03035377  108.20360294  16.02994886  108.20366006 3 102
112  16.02998829  108.20365985  16.02995819  108.20366391
111  16.02998829  108.20365985
112  16.02998829  108.20365985  16.02951846  108.20375014 3 102
112  16.02937414  108.20303221  16.02934254  108.20275736
111  16.02937414  108.20303221
112  16.02937414  108.20303221  16.02934580  108.20285850 3 102
112  16.02956265  108.20267608  16.02964680  108.20261682
111  16.02956265  108.20267608
112  16.02956265  108.20267608  16.02959993  108.20264983
113  16.02962768  108.20263612
110 1 0.00 170.0000 New Taxiway 15
111  16.02911924  108.20408052
111  16.02918176  108.20447908
111  16.02925651  108.20495559
111  16.02930140  108.20524174
111  16.03636010  108.20416033
111  16.03641662  108.20445296
111  16.03975727  108.20528295
111  16.04008621  108.20416002
111  16.03997654  108.20410609
111  16.03994184  108.20396166
111  16.03977005  108.20277598
112  16.03884298  108.20293448  16.03878875  108.20293771
112  16.03871437  108.20282324  16.03869590  108.20268198
111  16.03883159  108.20265293
111  16.03833302  108.20272358
111  16.02996822  108.20393359
113  16.02926298  108.20405522
111  16.03028880  108.20458692
111  16.02987991  108.20466487
111  16.02987256  108.20461515
111  16.03024275  108.20454799
111  16.03020315  108.20432449
113  16.03024273  108.20431555
111  16.02976359  108.20468535
111  16.02935512  108.20476101
111  16.02934757  108.20470839
111  16.02971666  108.20464601
111  16.02967774  108.20441969
113  16.02971822  108.20441268
112  16.03846730  108.20286092  16.03847739  108.20295413
111  16.03833869  108.20295601
111  16.03641851  108.20325245
112  16.03630239  108.20318029  16.03628770  108.20309244
111  16.03639463  108.20308103
113  16.03832969  108.20278618
111  16.03591960  108.20330918
111  16.03460538  108.20353074
112  16.03438505  108.20349223  16.03436069  108.20339352
111  16.03457597  108.20335831
111  16.03589001  108.20315907
114  16.03603267  108.20320721  16.03604172  108.20329033
111  16.03402836  108.20361005
111  16.03259614  108.20382138
112  16.03248879  108.20375213  16.03247024  108.20365711
111  16.03257179  108.20363791
111  16.03399623  108.20340947
114  16.03414349  108.20349305  16.03416224  108.20361284
111  16.03217074  108.20385291
111  16.03066446  108.20407655
112  16.03056802  108.20401954  16.03055193  108.20394437
111  16.03063769  108.20392890
111  16.03215051  108.20370410
114  16.03222965  108.20376655  16.03224073  108.20384066
111  16.03024256  108.20396691
111  16.02998411  108.20401689
111  16.02997710  108.20397184
113  16.03023843  108.20393112
110 1 0.00 157.0000 New Taxiway 14
111  16.04950697  108.19652279
112  16.04939287  108.19590783  16.04936304  108.19565438
111  16.04939287  108.19590783
112  16.04939287  108.19590783  16.04937787  108.19578039
112  16.04914765  108.19553634  16.04904428  108.19530967
111  16.04914765  108.19553634
112  16.04914765  108.19553634  16.04904544  108.19531223
111  16.04904500  108.19512902
111  16.04797620  108.19529775
111  16.04779802  108.19491588
111  16.04725662  108.19496759
111  16.04729354  108.19533225
111  16.04706180  108.19539879
111  16.04645048  108.19541098
112  16.04660192  108.19674112  16.04662118  108.19692933
111  16.04660192  108.19674112
112  16.04660192  108.19674112  16.04661445  108.19688556
111  16.04652057  108.19696133
111  16.04696730  108.19689632
112  16.04695246  108.19671860  16.04705657  108.19668815
111  16.04907271  108.19636807
111  16.04909218  108.19650525
113  16.04900199  108.19660504
110 1 0.00 157.0000 New Taxiway 14
111  16.04387421  108.19734072
112  16.04383714  108.19708928  16.04379865  108.19683584
111  16.04383714  108.19708928
112  16.04383714  108.19708928  16.04383491  108.19707461
112  16.04517390  108.19681461  16.04565040  108.19673725
111  16.04517390  108.19681461
112  16.04517390  108.19681461  16.04525739  108.19681567
112  16.04524003  108.19714337  16.04518562  108.19726625
111  16.04524003  108.19714337
112  16.04524003  108.19714337  16.04525621  108.19714183
112  16.04554185  108.19710009  16.04554528  108.19709945
111  16.04554185  108.19710009
112  16.04554185  108.19710009  16.04548459  108.19703075
112  16.04543398  108.19679146  16.04543509  108.19679176
111  16.04543398  108.19679146
112  16.04543398  108.19679146  16.04540825  108.19672044
112  16.04518395  108.19473971  16.04517413  108.19472295
111  16.04518395  108.19473971
112  16.04518395  108.19473971  16.04510745  108.19473951
112  16.04378342  108.19492498  16.04364758  108.19497013
111  16.04378342  108.19492498
112  16.04378342  108.19492498  16.04377815  108.19499650
112  16.04405599  108.19672872  16.04405413  108.19680783
111  16.04405599  108.19672872
112  16.04405599  108.19672872  16.04404756  108.19676494
112  16.04392276  108.19683565  16.04386249  108.19684141
111  16.04392276  108.19683565
112  16.04392276  108.19683565  16.04384989  108.19684261
112  16.04378119  108.19671304  16.04377765  108.19668906
111  16.04378119  108.19671304
112  16.04378119  108.19671304  16.04372006  108.19629893
111  16.04363727  108.19573331
111  16.03993558  108.19629067
112  16.04013546  108.19767159  16.04016031  108.19785980
111  16.04003051  108.19789530
111  16.04060249  108.19781278
112  16.04058318  108.19758009  16.04085254  108.19753875
111  16.04348053  108.19718601
112  16.04354881  108.19725074  16.04356368  108.19733394
113  16.04351597  108.19739241
110 1 0.00 170.0000 New Taxiway 13
111  16.03979628  108.19792910
112  16.03957680  108.19775159  16.03954467  108.19757106
111  16.03932261  108.19602797
111  16.03875062  108.19610385
111  16.03878028  108.19633526
111  16.03874594  108.19633981
111  16.03871188  108.19611105
111  16.03822424  108.19617959
111  16.03825666  108.19640296
111  16.03821411  108.19640852
111  16.03818284  108.19618090
111  16.03769519  108.19625339
111  16.03772533  108.19647739
111  16.03768605  108.19648312
111  16.03793540  108.19795912
111  16.03922126  108.19775809
112  16.03935998  108.19783680  16.03939406  108.19795566
111  16.03935998  108.19783680
112  16.03935998  108.19783680  16.03938038  108.19795757
113  16.03924042  108.19800930
110 1 0.00 157.0000 New Taxiway 12
111  16.05932543  108.19319850
111  16.05125672  108.19439186
111  16.05101642  108.19481160
111  16.05107942  108.19584439
112  16.05115707  108.19587504  16.05116391  108.19591460
112  16.05115956  108.19616414  16.05114962  108.19624948
111  16.05109583  108.19629876
111  16.05150490  108.19623974
112  16.05140053  108.19616414  16.05134966  108.19609170
111  16.05135769  108.19597189
111  16.05158796  108.19591896
111  16.05158528  108.19579916
111  16.05193068  108.19571000
111  16.05336265  108.19540413
112  16.05354653  108.19552892  16.05342661  108.19568698
111  16.05312712  108.19600567
111  16.05396923  108.19588417
112  16.05381515  108.19565396  16.05394307  108.19548758
111  16.05409430  108.19539986
112  16.05450780  108.19548396  16.05457342  108.19582445
111  16.05450780  108.19548396
112  16.05450780  108.19548396  16.05454593  108.19574937
111  16.05445773  108.19581600
111  16.05485674  108.19575612
112  16.05473362  108.19568778  16.05468762  108.19563202
112  16.05470027  108.19523041  16.05484832  108.19517745
111  16.05561601  108.19510111
111  16.05644647  108.19504107
112  16.05674672  108.19524919  16.05677757  108.19546295
111  16.05660786  108.19549838
111  16.05709731  108.19541970
112  16.05712354  108.19501954  16.05718962  108.19478621
111  16.05852827  108.19465776
111  16.05843246  108.19356104
113  16.05933352  108.19342431
110 1 0.00 157.0000 New Taxiway 17
111  16.04530919  108.20197274
111  16.04429347  108.20209716
112  16.04416256  108.20198536  16.04414648  108.20183307
111  16.04416256  108.20198536
112  16.04416256  108.20198536  16.04414742  108.20189890
111  16.04420257  108.20186254
111  16.04388487  108.20191319
112  16.04406036  108.20201222  16.04406760  108.20212842
112  16.04391886  108.20215074  16.04384759  108.20216847
111  16.04329381  108.20222534
112  16.04319681  108.20213198  16.04318325  108.20204035
111  16.04326185  108.20200853
111  16.04298978  108.20204810
112  16.04309817  108.20215473  16.04310621  108.20226617
112  16.04295394  108.20228309  16.04287897  108.20229425
111  16.04242350  108.20236608
112  16.04230317  108.20228053  16.04228583  108.20216555
111  16.04238327  108.20213632
111  16.04206287  108.20218181
112  16.04215344  108.20218831  16.04216485  108.20219617
111  16.04215344  108.20218831
112  16.04215344  108.20218831  16.04217402  108.20220169
112  16.04219384  108.20228749  16.04219352  108.20231604
111  16.04219384  108.20228749
112  16.04219384  108.20228749  16.04219707  108.20232248
112  16.04213464  108.20240423  16.04207701  108.20242753
111  16.04213464  108.20240423
112  16.04213464  108.20240423  16.04200679  108.20242772
111  16.04115774  108.20257034
111  16.04129713  108.20350045
111  16.04143254  108.20347616
111  16.04344685  108.20311484
111  16.04429571  108.20295669
111  16.04435085  108.20297175
111  16.04516078  108.20316924
113  16.04538890  108.20253403
110 1 0.00 157.0000 New Taxiway 1
111  16.06033994  108.19781032
111  16.06025640  108.19725196
111  16.05961058  108.19734223
112  16.05928651  108.19781493  16.05919354  108.19793586
113  16.05888315  108.19802242
110 1 0.00 170.0000 New Taxiway 16
111  16.05219112  108.20249122
111  16.05204721  108.20156783
111  16.05195159  108.20094918
111  16.04953685  108.20109580
111  16.04829936  108.20125795 3 102
112  16.04858390  108.20153707  16.04861456  108.20174594
111  16.04858390  108.20153707
112  16.04858390  108.20153707  16.04858506  108.20153903
112  16.04852624  108.20154773  16.04851116  108.20155378
111  16.04852624  108.20154773
112  16.04852624  108.20154773  16.04853175  108.20158392
112  16.04854838  108.20170772  16.04854337  108.20170761
111  16.04854838  108.20170772
112  16.04854838  108.20170772  16.04848592  108.20172220
111  16.04751524  108.20185306 3 102
112  16.04734045  108.20166693  16.04730183  108.20144967
111  16.04734045  108.20166693
112  16.04734045  108.20166693  16.04731122  108.20142397 3 102
111  16.04744612  108.20139757
111  16.04692907  108.20146152 3 102
112  16.04713629  108.20165900  16.04715824  108.20186251
111  16.04713629  108.20165900
112  16.04713629  108.20165900  16.04714456  108.20176617
112  16.04716242  108.20190687  16.04715761  108.20190650
111  16.04716242  108.20190687
112  16.04716242  108.20190687  16.04716235  108.20190351
112  16.04694161  108.20194418  16.04682819  108.20196817
111  16.04694161  108.20194418
112  16.04694161  108.20194418  16.04677487  108.20196584
111  16.04659777  108.20207013
112  16.04660921  108.20213485  16.04661644  108.20217577
111  16.04660921  108.20213485
112  16.04660921  108.20213485  16.04661039  108.20214155
111  16.04666358  108.20243925
111  16.04676876  108.20246357
111  16.04681412  108.20245651
112  16.04687388  108.20282765  16.04690868  108.20302376
111  16.04687388  108.20282765
112  16.04687388  108.20282765  16.04687434  108.20283024
112  16.04709481  108.20279748  16.04709526  108.20280007
111  16.04709481  108.20279748
112  16.04709481  108.20279748  16.04709766  108.20281360
112  16.04710337  108.20284576  16.04710622  108.20286179
111  16.04710337  108.20284576
112  16.04710337  108.20284576  16.04710408  108.20284976
111  16.04671284  108.20291990
111  16.04672913  108.20303970
111  16.04690925  108.20301103
111  16.04697190  108.20339271
111  16.04718585  108.20335161
111  16.04721051  108.20348935
112  16.04730810  108.20347243  16.04733356  108.20346657
111  16.04730810  108.20347243
112  16.04730810  108.20347243  16.04767109  108.20341146
111  16.04911699  108.20315654
112  16.04923528  108.20285827  16.04942183  108.20278894
112  16.05045375  108.20263850  16.05051388  108.20263225
112  16.05055628  108.20274881  16.05056595  108.20285072
111  16.05056824  108.20286983
111  16.05070803  108.20284851
111  16.05068883  108.20272328
112  16.05078591  108.20259445  16.05090813  108.20256774
111  16.05078591  108.20259445
112  16.05078591  108.20259445  16.05089649  108.20257466
112  16.05141517  108.20247232  16.05164499  108.20243749
111  16.05141517  108.20247232
112  16.05141517  108.20247232  16.05157034  108.20244881
112  16.05170118  108.20306020  16.05174278  108.20330248
111  16.05170118  108.20306020
112  16.05170118  108.20306020  16.05170186  108.20306417
112  16.05161200  108.20303417  16.05161266  108.20303808
111  16.05161200  108.20303417
112  16.05161200  108.20303417  16.05162505  108.20311170
112  16.05164458  108.20323683  16.05165462  108.20328135
111  16.05164458  108.20323683
112  16.05164458  108.20323683  16.05164886  108.20325582
111  16.05171860  108.20325756
113  16.05228090  108.20317593
130 Airport Boundary 20
111  16.06413124  108.19311058
111  16.06177389  108.19288442
111  16.05912832  108.19055926
111  16.05702885  108.19113565
111  16.05616012  108.18957077
111  16.05353172  108.19085792
111  16.05169609  108.18759319
111  16.04754599  108.18695985
111  16.04476773  108.18971156
111  16.04020570  108.18943391
111  16.03403714  108.19148070
111  16.03244962  108.18883787
111  16.02507213  108.19111807
111  16.02146714  108.19535054
111  16.02252395  108.19721658
111  16.02302977  108.19978932
111  16.02402507  108.20214667
111  16.02359341  108.20256097
111  16.02390011  108.20457582
111  16.02408181  108.20605545
111  16.02499926  108.20710439
111  16.02553337  108.20801919
111  16.02589720  108.20818207
111  16.03759440  108.20752316
111  16.03929639  108.20769983
111  16.03982442  108.20544382
111  16.04182940  108.20592440
111  16.04293716  108.20547484
111  16.04434867  108.20575467
111  16.04459046  108.20515581
111  16.04514037  108.20559783
111  16.06168696  108.20342154
113  16.06472313  108.20215614
120 Linear Feature 15
111  16.04425469  108.20174880 51
116  16.04410180  108.20190869  16.04412453  108.20203194
120 Linear Feature 14
111  16.04212318  108.20295070 51
116  16.04219077  108.20299948  16.04225250  108.20298837
120 Linear Feature 12
111  16.04320350  108.20273436 51
116  16.04326294  108.20280505  16.04331603  108.20279609
120 Linear Feature 11
111  16.04362491  108.20266769 51
116  16.04369488  108.20272717  16.04375131  108.20271781
120 Linear Feature 9
111  16.04418960  108.20252210 51
116  16.04405602  108.20266276  16.04387502  108.20269415
120 Linear Feature 8
111  16.04412358  108.20211577 51
111  16.04418960  108.20252210 51
116  16.04438258  108.20267713  16.04453409  108.20272261
120 Linear Feature 7
111  16.04412358  108.20211577 51
112  16.04428792  108.20222826  16.04438819  108.20220826 51
112  16.04480417  108.20214084  16.04481188  108.20214084 51
112  16.04492763  108.20222381  16.04494049  108.20230678 51
111  16.04497650  108.20262527 51
112  16.04480159  108.20278050  16.04460097  108.20275641 51
111  16.04435661  108.20266809 51
112  16.04416627  108.20264401  16.04406853  108.20265739
111  16.04416627  108.20264401
112  16.04416627  108.20264401  16.04415532  108.20264551 51
112  16.04405602  108.20266276  16.04399559  108.20267338
111  16.04405602  108.20266276
112  16.04405602  108.20266276  16.04403379  108.20266667 51
112  16.04398092  108.20267603  16.04395318  108.20268095
111  16.04398092  108.20267603
112  16.04398092  108.20267603  16.04395095  108.20268135 51
112  16.04388232  108.20269358  16.04384670  108.20269995
111  16.04388232  108.20269358
112  16.04388232  108.20269358  16.04382590  108.20270366 51
112  16.04369488  108.20272717  16.04362686  108.20273939
111  16.04369488  108.20272717
112  16.04369488  108.20272717  16.04365668  108.20273404 51
112  16.04357582  108.20274859  16.04353474  108.20275599
111  16.04357582  108.20274859
112  16.04357582  108.20274859  16.04347764  108.20276627 51
112  16.04326294  108.20280505  16.04315382  108.20282478
111  16.04326294  108.20280505
112  16.04326294  108.20280505  16.04323014  108.20281098 51
112  16.04316368  108.20282300  16.04313035  108.20282903
111  16.04316368  108.20282300
112  16.04316368  108.20282300  16.04301713  108.20284951 51
112  16.04272044  108.20290330  16.04257446  108.20292978
111  16.04272044  108.20290330
112  16.04272044  108.20290330  16.04268115  108.20291043 51
112  16.04260379  108.20292446  16.04256536  108.20293144
111  16.04260379  108.20292446
112  16.04260379  108.20292446  16.04245501  108.20295146 51
112  16.04219077  108.20299948  16.04206755  108.20302188
111  16.04219077  108.20299948
112  16.04219077  108.20299948  16.04215576  108.20300584 51
112  16.04209030  108.20301774  16.04205841  108.20302354
111  16.04209030  108.20301774
112  16.04209030  108.20301774  16.04188074  108.20305585 51
111  16.04174323  108.20308089 51
116  16.04160791  108.20304800  16.04159466  108.20298207
120 Default hold RWY 17L (near)
111  16.06019539  108.19890224 4
115  16.06052559  108.19885435
120 Default hold RWY 17L (near)
111  16.05146475  108.19690575 4
115  16.05139166  108.19675060
120 Default hold RWY 17L (near)
111  16.03781854  108.19982142 4
115  16.03800082  108.19979246
120 Default hold RWY 17L (near)
111  16.03813022  108.20066414 4
115  16.03794794  108.20069309
120 Default hold RWY 17L (near)
111  16.03788581  108.19872505 4
115  16.03766657  108.19875593
120 Default hold RWY 17L (near)
111  16.04879168  108.19710660 4
115  16.04855577  108.19714081
120 Default hold RWY 17L (near)
111  16.04865292  108.19821040 4
115  16.04897366  108.19816500
120 Default hold RWY 17L (near)
111  16.04910555  108.19908652 4
115  16.04876838  108.19913312
120 Default hold RWY 17L (near)
111  16.04898046  108.20053752 4
115  16.04927517  108.20048483
120 Default hold RWY 17L (near)
111  16.05728156  108.19932043 4
115  16.05779165  108.19923388
120 Default hold RWY 17L (near)
111  16.05702171  108.19710122 4
115  16.05737004  108.19703449
120 Default hold RWY 17L (near)
111  16.05747518  108.19766652 4
115  16.05713381  108.19773108
120 Default hold RWY 17R (near)
111  16.05717444  108.19586766 4
115  16.05689245  108.19591833
120 Default hold RWY 17L (centre)
111  16.03807397  108.20213495 4
115  16.03838314  108.20208844
120 Default hold RWY 17L (centre)
111  16.04391301  108.20133421 4
115  16.04412526  108.20129883
120 Default hold RWY 17L (far)
111  16.02910871  108.20307804
115  16.02937414  108.20303221
120 Default hold RWY 17L (far)
111  16.03047761  108.20290280 4
115  16.03099101  108.20283414
120 Default hold RWY 17R (far)
111  16.03022464  108.20084545 4
115  16.03069326  108.20076928
120 Default hold RWY 17R (far)
111  16.03079898  108.20150543 4
115  16.03034422  108.20157898
120 Default hold RWY 17R (far)
111  16.03067037  108.19947144 4
115  16.03063373  108.19925218
120 Linear Feature 45
111  16.05716955  108.19462404 51
115  16.05529416  108.19490044
120 Linear Feature 44
111  16.04395373  108.20085527 51
116  16.04354310  108.20043321  16.04324983  108.20047473
120 Linear Feature 43
112  16.04163876  108.20270880  16.04163835  108.20270899 51
112  16.04156333  108.20281779  16.04158038  108.20290531 51
115  16.04160799  108.20305016
120 Linear Feature 40
111  16.04329331  108.20241558 51
112  16.04317935  108.20256678  16.04319930  108.20269479
111  16.04317935  108.20256678
112  16.04317935  108.20256678  16.04319140  108.20264411 51
112  16.04320350  108.20273436  16.04320779  108.20276748
111  16.04320350  108.20273436
112  16.04320350  108.20273436  16.04321376  108.20281184 51
115  16.04316368  108.20282300
120 Linear Feature 13
111  16.04265196  108.20284353 51
116  16.04272044  108.20290330  16.04278150  108.20289293
120 Linear Feature 41
111  16.04271048  108.20251878 51
112  16.04262800  108.20261596  16.04263377  108.20269285
111  16.04262800  108.20261596
112  16.04262800  108.20261596  16.04263208  108.20267039 51
112  16.04265196  108.20284353  16.04265907  108.20290445
111  16.04265196  108.20284353
112  16.04265196  108.20284353  16.04265939  108.20291225 51
115  16.04260379  108.20292446
120 Linear Feature 42
111  16.04217715  108.20261334 51
112  16.04208589  108.20272072  16.04210113  108.20281299
111  16.04208589  108.20272072
112  16.04208589  108.20272072  16.04209735  108.20279015 51
112  16.04212318  108.20295070  16.04213126  108.20300102
111  16.04212318  108.20295070
112  16.04212318  108.20295070  16.04213252  108.20301016 51
115  16.04209030  108.20301774
120 Linear Feature 39
111  16.04163333  108.20270972 51
111  16.04163945  108.20270876 51
111  16.04164009  108.20270858 51
111  16.04217679  108.20261340 51
111  16.04217728  108.20261332 51
111  16.04271074  108.20251876 51
111  16.04271074  108.20251876 51
111  16.04329403  108.20241538 51
111  16.04329403  108.20241538 51
111  16.04366073  108.20235038 51
111  16.04389804  108.20230832 51
112  16.04395544  108.20229612  16.04398865  108.20228604
111  16.04395544  108.20229612
112  16.04395544  108.20229612  16.04403876  108.20227082 51
112  16.04412358  108.20211577  16.04410585  108.20199910
111  16.04412358  108.20211577
112  16.04412358  108.20211577  16.04411892  108.20209193 51
112  16.04410180  108.20190869  16.04409644  108.20187908
111  16.04410180  108.20190869
112  16.04410180  108.20190869  16.04408854  108.20183546 51
112  16.04404298  108.20145898  16.04402736  108.20136420
111  16.04404298  108.20145898
112  16.04404298  108.20145898  16.04404313  108.20145641 51
111  16.04395388  108.20085469 51
116  16.04442918  108.20030390  16.04502629  108.20022291
120 Linear Feature 34
111  16.03079887  108.20339584 51
116  16.03105513  108.20364762  16.03128261  108.20361781
120 Linear Feature 38
111  16.03038896  108.20400688 51
112  16.03058022  108.20371301  16.03081728  108.20367948 51
112  16.03079887  108.20339584  16.03077876  108.20325834
111  16.03079887  108.20339584
112  16.03079887  108.20339584  16.03079349  108.20335908 51
112  16.03071744  108.20275042  16.03067341  108.20239667
111  16.03071744  108.20275042
112  16.03071744  108.20275042  16.03068491  108.20248903 51
112  16.03060608  108.20185248  16.03056633  108.20153128
111  16.03060608  108.20185248
112  16.03060608  108.20185248  16.03055506  108.20144018 51
112  16.03046228  108.20068844  16.03042159  108.20035863
111  16.03046228  108.20068844
112  16.03046228  108.20068844  16.03041713  108.20032247 51
115  16.03038602  108.20006996
120 Linear Feature 35
111  16.03928950  108.19810508 51
112  16.03946630  108.19783890  16.03942895  108.19761471
111  16.03946630  108.19783890
112  16.03946630  108.19783890  16.03945365  108.19776296 51
112  16.03941679  108.19754338  16.03939001  108.19738866
111  16.03941679  108.19754338
112  16.03941679  108.19754338  16.03936450  108.19724131 51
111  16.03928887  108.19681388 51
112  16.03913002  108.19656078  16.03900308  108.19658762 51
112  16.03802794  108.19674156  16.03789328  108.19676405 51
112  16.03791480  108.19698709  16.03794004  108.19717196
111  16.03791480  108.19698709
112  16.03791480  108.19698709  16.03796433  108.19728271 51
112  16.03800076  108.19747623  16.03801074  108.19754197 51
112  16.03824141  108.19756801  16.03838671  108.19753704
111  16.03824141  108.19756801
112  16.03824141  108.19756801  16.03845487  108.19753185 51
111  16.03915466  108.19741122 51
116  16.03941679  108.19754338  16.03944915  108.19770940
120 Linear Feature 34
111  16.03775643  108.19852559 51
116  16.03749574  108.19836412  16.03725467  108.19840304
120 Linear Feature 7
111  16.03840600  108.20117339 51
112  16.03814395  108.20150326  16.03817071  108.20174923 51
111  16.03824877  108.20224580 51
112  16.03842158  108.20255921  16.03855423  108.20264282
111  16.03842158  108.20255921
112  16.03842158  108.20255921  16.03845858  108.20258253 51
116  16.03855531  108.20258689  16.03860785  108.20257930
120 Linear Feature 6
111  16.03787843  108.19948389 51
115  16.03791362  108.19979690
120 Linear Feature 33
111  16.03793880  108.19830015 51
112  16.03775643  108.19852559  16.03778264  108.19871926
111  16.03775643  108.19852559
112  16.03775643  108.19852559  16.03775635  108.19853240 51
115  16.03776006  108.19855322
120 Linear Feature 32
111  16.04863021  108.19693797 51
116  16.04843632  108.19678000  16.04827677  108.19680252
120 Linear Feature 31
111  16.04876329  108.19672414 51
112  16.04863021  108.19693797  16.04866306  108.19711828
111  16.04863021  108.19693797
112  16.04863021  108.19693797  16.04863306  108.19696080 51
115  16.04863837  108.19699191
120 Linear Feature 25
111  16.03744003  108.20330050 51
112  16.03753338  108.20338845  16.03754984  108.20348676 51
115  16.03759207  108.20372932
120 Linear Feature 30
111  16.05133775  108.19688354 51
116  16.05140936  108.19730432  16.05178177  108.19726626
120 Linear Feature 21
111  16.05142241  108.19683348 51
112  16.05133775  108.19688354  16.05127589  108.19692081
111  16.05133775  108.19688354
112  16.05133775  108.19688354  16.05115767  108.19696446 51
112  16.05081291  108.19711901  16.05064611  108.19719370
111  16.05081291  108.19711901
112  16.05081291  108.19711901  16.05035387  108.19733626 51
116  16.04969588  108.19755147  16.04959575  108.19756686
120 Linear Feature 20
111  16.05673150  108.19555770 51
116  16.05698764  108.19567244  16.05701347  108.19583807
120 Linear Feature 19
111  16.05462101  108.19557370 51
116  16.05485243  108.19583669  16.05502198  108.19581215
120 Linear Feature 7
111  16.05370448  108.19557376 51
115  16.05401126  108.19488691
120 Linear Feature 6
111  16.05324357  108.19607486 51
112  16.05361298  108.19572277  16.05386579  108.19539094
111  16.05361298  108.19572277
112  16.05361298  108.19572277  16.05364409  108.19568193 51
112  16.05368720  108.19560870  16.05370618  108.19557312
111  16.05368720  108.19560870
112  16.05368720  108.19560870  16.05371731  108.19555224 51
112  16.05374618  108.19545028  16.05375785  108.19539960
111  16.05374618  108.19545028
112  16.05374618  108.19545028  16.05378694  108.19527338 51
112  16.05362307  108.19517478  16.05353495  108.19518700
111  16.05362307  108.19517478
112  16.05362307  108.19517478  16.05361754  108.19517555 51
112  16.05359718  108.19517827  16.05358484  108.19518007
111  16.05359718  108.19517827
112  16.05359718  108.19517827  16.05354163  108.19518640 51
112  16.05326186  108.19522843  16.05310344  108.19525228
111  16.05326186  108.19522843
112  16.05326186  108.19522843  16.05319842  108.19523798 51
112  16.05305553  108.19525955  16.05298204  108.19527064
111  16.05305553  108.19525955
112  16.05305553  108.19525955  16.05293268  108.19527810 51
112  16.05266145  108.19531918  16.05252427  108.19533994
111  16.05266145  108.19531918
112  16.05266145  108.19531918  16.05244088  108.19535257 51
112  16.05201357  108.19541737  16.05181417  108.19544762
111  16.05201357  108.19541737
112  16.05201357  108.19541737  16.05193737  108.19542893 51
112  16.05179943  108.19544986  16.05173354  108.19545986
111  16.05179943  108.19544986
112  16.05179943  108.19544986  16.05157343  108.19548415 51
111  16.05141991  108.19550745 51
112  16.05124119  108.19581120  16.05124119  108.19607774 51
111  16.05126343  108.19615714 51
116  16.05151552  108.19632942  16.05170660  108.19629799
120 Linear Feature 4
111  16.05693600  108.19531722 51
112  16.05673150  108.19555770  16.05650282  108.19559840
111  16.05673150  108.19555770
112  16.05673150  108.19555770  16.05668725  108.19556369 51
112  16.05485243  108.19583669  16.05371374  108.19600564
111  16.05485243  108.19583669
112  16.05485243  108.19583669  16.05473381  108.19585429 51
112  16.05448241  108.19589157  16.05435443  108.19591054
111  16.05448241  108.19589157
112  16.05448241  108.19589157  16.05426551  108.19592372 51
112  16.05379353  108.19599357  16.05355155  108.19602937
111  16.05379353  108.19599357
112  16.05379353  108.19599357  16.05379067  108.19599400 51
112  16.05378493  108.19599485  16.05378207  108.19599527
111  16.05378493  108.19599485
112  16.05378493  108.19599485  16.05361053  108.19602064 51
112  16.05324357  108.19607486  16.05305721  108.19610239
111  16.05324357  108.19607486
112  16.05324357  108.19607486  16.05319677  108.19608178 51
112  16.05310210  108.19609555  16.05305458  108.19610256
111  16.05310210  108.19609555
112  16.05310210  108.19609555  16.05309406  108.19609673 51
112  16.05307796  108.19609932  16.05306990  108.19610051
111  16.05307796  108.19609932
112  16.05307796  108.19609932  16.05259176  108.19617109 51
112  16.05151552  108.19632942  16.05096251  108.19641067
111  16.05151552  108.19632942
112  16.05151552  108.19632942  16.05139580  108.19634701 51
112  16.05115225  108.19638276  16.05102982  108.19640073
111  16.05115225  108.19638276
112  16.05115225  108.19638276  16.05114692  108.19638354 51
112  16.05113625  108.19638511  16.05113091  108.19638589
111  16.05113625  108.19638511
112  16.05113625  108.19638511  16.05039651  108.19649366 51
112  16.04878705  108.19672897  16.04796730  108.19684830
111  16.04878705  108.19672897
112  16.04878705  108.19672897  16.04872196  108.19673845 51
112  16.04859119  108.19675747  16.04852571  108.19676700
111  16.04859119  108.19675747
112  16.04859119  108.19675747  16.04853968  108.19676497 51
112  16.04843632  108.19678000  16.04838457  108.19678752
111  16.04843632  108.19678000
112  16.04843632  108.19678000  16.04551984  108.19720412 51
112  16.03928950  108.19810508  16.03634274  108.19853079
111  16.03928950  108.19810508
112  16.03928950  108.19810508  16.03883019  108.19817143 51
112  16.03793880  108.19830015  16.03749853  108.19836372
111  16.03793880  108.19830015
112  16.03793880  108.19830015  16.03778984  108.19832166 51
112  16.03749574  108.19836412  16.03734936  108.19838525
111  16.03749574  108.19836412
112  16.03749574  108.19836412  16.03357067  108.19893073 51
111  16.03061281  108.19935632 51
112  16.03031658  108.19958050  16.03033762  108.19976166 51
111  16.03038616  108.20007132 51
116  16.03081514  108.20029177  16.03123889  108.20021206
120 Linear Feature 12
111  16.04759223  108.20200891 51
116  16.04766402  108.20209322  16.04767622  108.20218148
120 Linear Feature 12
111  16.04791618  108.20195757 51
116  16.04799228  108.20204098  16.04800448  108.20212924
120 Linear Feature 11
111  16.04781593  108.20264157 51
112  16.04772280  108.20257243  16.04771194  108.20251092 51
111  16.04766438  108.20208889 51
116  16.04772746  108.20198535  16.04781059  108.20197150
120 Linear Feature 11
111  16.04817848  108.20191625 51
112  16.04830974  108.20198790  16.04832311  108.20208690 51
111  16.04837614  108.20247287 51
116  16.04828173  108.20257645  16.04819580  108.20258989
120 Linear Feature 11
111  16.04745408  108.20266724 51
112  16.04736095  108.20259810  16.04735009  108.20253659 51
111  16.04730253  108.20213502 51
116  16.04743533  108.20203155  16.04751846  108.20201770
120 Linear Feature 11
111  16.04814417  108.20259469 51
112  16.04805104  108.20252555  16.04804018  108.20246404 51
111  16.04799262  108.20204201 51
116  16.04805569  108.20193667  16.04813882  108.20192282
120 Linear Feature 8
111  16.04900849  108.20105487 51
116  16.04932724  108.20116798  16.04935164  108.20132684
120 Linear Feature 7
111  16.04943165  108.20099368 51
116  16.04932724  108.20116798  16.04933815  108.20127400
120 Linear Feature 7
111  16.04935626  108.20139548 51
116  16.04954138  108.20154108  16.04964803  108.20152662
120 Linear Feature 6
111  16.04732558  108.20129735 51
116  16.04720704  108.20149832  16.04723423  108.20167604
120 Linear Feature 5
111  16.04700458  108.20134420 51 101
112  16.04720704  108.20149832  16.04724589  108.20167975
111  16.04720704  108.20149832
112  16.04720704  108.20149832  16.04720852  108.20150527 51 101
112  16.04721094  108.20152010  16.04721204  108.20152768
111  16.04721094  108.20152010
112  16.04721094  108.20152010  16.04723760  108.20170276 51 101
112  16.04728346  108.20197132  16.04728666  108.20198932
111  16.04728346  108.20197132
112  16.04728346  108.20197132  16.04731256  108.20207779 51 101
111  16.04755400  108.20201293 51 101
111  16.04804464  108.20193717 51 101
115  16.04817519  108.20191613
120 Linear Feature 5
111  16.04866957  108.20167176 51 101
111  16.04954138  108.20154108 51 101
111  16.05004625  108.20147437 51 101
111  16.05049460  108.20141688 51 101
111  16.05090853  108.20135385 51 101
115  16.05144448  108.20126925
120 Linear Feature 35
111  16.03081514  108.20029177 51
116  16.03046228  108.20068844  16.03050130  108.20101853
120 Linear Feature 33
111  16.03599376  108.20295528 51
112  16.03615622  108.20301675  16.03616642  108.20309754 51
111  16.03620234  108.20336576 51
116  16.03631479  108.20347779  16.03641542  108.20347124
120 Linear Feature 32
111  16.03634517  108.20347490 51
112  16.03644466  108.20353675  16.03648130  108.20361830
111  16.03644466  108.20353675
112  16.03644466  108.20353675  16.03647303  108.20358581 51
112  16.03666978  108.20393523  16.03676657  108.20410518
111  16.03666978  108.20393523
112  16.03666978  108.20393523  16.03671339  108.20401180 51
112  16.03679184  108.20414635  16.03682732  108.20420627
111  16.03679184  108.20414635
112  16.03679184  108.20414635  16.03687165  108.20427111 51
112  16.03698590  108.20432115  16.03703573  108.20434387
111  16.03698590  108.20432115
112  16.03698590  108.20432115  16.03713057  108.20438709 51
112  16.03763186  108.20451865  16.03789222  108.20458219
111  16.03763186  108.20451865
112  16.03763186  108.20451865  16.03763531  108.20451949 51
112  16.03764221  108.20452117  16.03764566  108.20452201
111  16.03764221  108.20452117
112  16.03764221  108.20452117  16.03771686  108.20453932 51
112  16.03786887  108.20457435  16.03794473  108.20459160
111  16.03786887  108.20457435
112  16.03786887  108.20457435  16.03793773  108.20459001 51
112  16.03807336  108.20461991  16.03814039  108.20463459
111  16.03807336  108.20461991
112  16.03807336  108.20461991  16.03813228  108.20463282 51
112  16.03824551  108.20465728  16.03830105  108.20466926
111  16.03824551  108.20465728
112  16.03824551  108.20465728  16.03830947  108.20467107 51
112  16.03842749  108.20469655  16.03848437  108.20470890
111  16.03842749  108.20469655
112  16.03842749  108.20469655  16.03849927  108.20471214 51
112  16.03861978  108.20473932  16.03867525  108.20475217
111  16.03861978  108.20473932
112  16.03861978  108.20473932  16.03866755  108.20475039 51
112  16.03874005  108.20476906  16.03877185  108.20477777
111  16.03874005  108.20476906
112  16.03874005  108.20476906  16.03882193  108.20478796 51
112  16.03893991  108.20470904  16.03897074  108.20460887
111  16.03893991  108.20470904
112  16.03893991  108.20470904  16.03896838  108.20462315 51
112  16.03907504  108.20417276  16.03910046  108.20405976
111  16.03907504  108.20417276
112  16.03907504  108.20417276  16.03913106  108.20395013 51
112  16.03887330  108.20393372  16.03880355  108.20391953
111  16.03887330  108.20393372
112  16.03887330  108.20393372  16.03887233  108.20393347 51
112  16.03887037  108.20393290  16.03886941  108.20393263
111  16.03887037  108.20393290
112  16.03887037  108.20393290  16.03874240  108.20389709 51
115  16.03873549  108.20370347
120 Linear Feature 26
111  16.03666978  108.20393523 51
112  16.03688800  108.20402941  16.03702612  108.20399723
111  16.03688800  108.20402941
112  16.03688800  108.20402941  16.03695908  108.20401285 51
112  16.03727557  108.20394873  16.03742297  108.20391914
111  16.03727557  108.20394873
112  16.03727557  108.20394873  16.03741456  108.20392082 51
111  16.03753425  108.20389728 51
116  16.03759207  108.20372932  16.03756595  108.20358172
120 Linear Feature 31
111  16.03677562  108.20340570 51
112  16.03689491  108.20350729  16.03691675  108.20360121
111  16.03689491  108.20350729
112  16.03689491  108.20350729  16.03691156  108.20357890 51
112  16.03696130  108.20388459  16.03697269  108.20395809
111  16.03696130  108.20388459
112  16.03696130  108.20388459  16.03697883  108.20400560 51
115  16.03688800  108.20402941
120 Linear Feature 30
111  16.03715159  108.20334614 51
112  16.03726055  108.20342319  16.03727453  108.20351953
111  16.03726055  108.20342319
112  16.03726055  108.20342319  16.03727031  108.20349042 51
112  16.03732352  108.20386823  16.03733992  108.20399990
111  16.03732352  108.20386823
112  16.03732352  108.20386823  16.03733029  108.20393457 51
115  16.03727557  108.20394873
120 Linear Feature 29
111  16.03038896  108.20400688 51
111  16.03041799  108.20420407 51
112  16.03055325  108.20424688  16.03067846  108.20421961 51
112  16.03596406  108.20343116  16.03619701  108.20339632
111  16.03596406  108.20343116
112  16.03596406  108.20343116  16.03616568  108.20340100 51
112  16.03631479  108.20347779  16.03647935  108.20346660
111  16.03631479  108.20347779
112  16.03631479  108.20347779  16.03632420  108.20347715 51
112  16.03634486  108.20347486  16.03635552  108.20347353
111  16.03634486  108.20347486
112  16.03634486  108.20347486  16.03636317  108.20347258 51
112  16.03640575  108.20346458  16.03642834  108.20345994
111  16.03640575  108.20346458
112  16.03640575  108.20346458  16.03645559  108.20345651 51
112  16.03677562  108.20340570  16.03696148  108.20337622
111  16.03677562  108.20340570
112  16.03677562  108.20340570  16.03688520  108.20338832 51
112  16.03715159  108.20334614  16.03729043  108.20332416
111  16.03715159  108.20334614
112  16.03715159  108.20334614  16.03724344  108.20333160 51
112  16.03744003  108.20330050  16.03753982  108.20328471
111  16.03744003  108.20330050
112  16.03744003  108.20330050  16.03793385  108.20322238 51
112  16.03890773  108.20306854  16.03931421  108.20300434
111  16.03890773  108.20306854
112  16.03890773  108.20306854  16.03898470  108.20305638 51
112  16.03911975  108.20303505  16.03918359  108.20302497
111  16.03911975  108.20303505
112  16.03911975  108.20303505  16.03919448  108.20302325 51
112  16.03931113  108.20300483  16.03936313  108.20299662
111  16.03931113  108.20300483
112  16.03931113  108.20300483  16.03937768  108.20299140 51
112  16.03945945  108.20309836  16.03947443  108.20319656
111  16.03945945  108.20309836
112  16.03945945  108.20309836  16.03948554  108.20323096 51
112  16.03954619  108.20354323  16.03956923  108.20367578
111  16.03954619  108.20354323
112  16.03954619  108.20354323  16.03954952  108.20356237 51
112  16.03955518  108.20359741  16.03955782  108.20361430
111  16.03955518  108.20359741
112  16.03955518  108.20359741  16.03956930  108.20367805 51
111  16.03964768  108.20365835 51
115  16.03983414  108.20362356
120 Linear Feature 44
111  16.03786887  108.20457435 51
112  16.03802730  108.20448264  16.03805587  108.20436578
111  16.03802730  108.20448264
112  16.03802730  108.20448264  16.03805070  108.20438693 51
112  16.03816533  108.20388215  16.03820191  108.20373609
111  16.03816533  108.20388215
112  16.03816533  108.20388215  16.03818613  108.20379419 51
115  16.03823656  108.20379933
120 Linear Feature 44
111  16.03807336  108.20461991 51
112  16.03823549  108.20452355  16.03826406  108.20440669
111  16.03823549  108.20452355
112  16.03823549  108.20452355  16.03825711  108.20443513 51
112  16.03837610  108.20391910  16.03841420  108.20375367
111  16.03837610  108.20391910
112  16.03837610  108.20391910  16.03839135  108.20383470 51
115  16.03847658  108.20385154
120 Linear Feature 44
111  16.03824551  108.20465728 51
112  16.03840729  108.20455990  16.03843586  108.20444304
111  16.03840729  108.20455990
112  16.03840729  108.20455990  16.03842829  108.20447402 51
112  16.03854464  108.20399217  16.03858399  108.20382919
111  16.03854464  108.20399217
112  16.03854464  108.20399217  16.03857149  108.20388670 51
115  16.03864229  108.20387317
120 Linear Feature 44
111  16.03842749  108.20469655 51
112  16.03858928  108.20460080  16.03861785  108.20448394
111  16.03858928  108.20460080
112  16.03858928  108.20460080  16.03861221  108.20450700 51
112  16.03872841  108.20394285  16.03876065  108.20378584
111  16.03872841  108.20394285
112  16.03872841  108.20394285  16.03875014  108.20384248 51
115  16.03873549  108.20370347
120 Linear Feature 44
111  16.03861978  108.20473932 51
112  16.03878145  108.20464322  16.03881003  108.20452636
111  16.03878145  108.20464322
112  16.03878145  108.20464322  16.03880672  108.20453988 51
112  16.03891727  108.20403061  16.03893784  108.20393571
111  16.03891727  108.20403061
112  16.03891727  108.20403061  16.03893530  108.20394635 51
115  16.03887037  108.20393290
120 Linear Feature 46
111  16.03629195  108.20291275 51
116  16.03615622  108.20301675  16.03616664  108.20308417
120 Linear Feature 10
111  16.04392181  108.20262627 51
116  16.04398092  108.20267603  16.04403220  108.20266456
120 Linear Feature 6
111  16.04395544  108.20229612 51
112  16.04389316  108.20240929  16.04390486  108.20250024
111  16.04389316  108.20240929
112  16.04389316  108.20240929  16.04390117  108.20247151 51
112  16.04392181  108.20262627  16.04392848  108.20269392
111  16.04392181  108.20262627
112  16.04392181  108.20262627  16.04392805  108.20268274 51
115  16.04388232  108.20269358
120 Linear Feature 6
111  16.04366073  108.20235038 51
112  16.04359843  108.20246196  16.04361013  108.20255290
111  16.04359843  108.20246196
112  16.04359843  108.20246196  16.04360626  108.20252277 51
112  16.04362491  108.20266769  16.04363183  108.20272143
111  16.04362491  108.20266769
112  16.04362491  108.20266769  16.04363387  108.20273684 51
115  16.04357582  108.20274859
120 Linear Feature 24
111  16.03890773  108.20306854 51
112  16.03900117  108.20315958  16.03901998  108.20326059 51
111  16.03907871  108.20361515 51
112  16.03919416  108.20370734  16.03929718  108.20368506
111  16.03919416  108.20370734
112  16.03919416  108.20370734  16.03925024  108.20369807 51
115  16.03938473  108.20367290
120 v
111  16.04405019  108.20150981 51
116  16.04380097  108.20179723  16.04360408  108.20183777
120 Linear Feature 17
111  16.04436999  108.20172648 51
116  16.04405019  108.20150981  16.04403025  108.20141125
120 Linear Feature 16
111  16.04389556  108.20178665 51
116  16.04410180  108.20190869  16.04412483  108.20204169
120 Linear Feature 20
111  16.05219821  108.19646249 51
116  16.05310210  108.19609555  16.05333011  108.19604876
120 Linear Feature 13
111  16.03814395  108.20150326 51
116  16.03779237  108.20126111  16.03747926  108.20131123
120 Linear Feature 8
111  16.03842158  108.20255921 51
116  16.03860405  108.20281177  16.03864140  108.20298351
120 Linear Feature 2
111  16.03108082  108.20223324 51
116  16.03060608  108.20185248  16.03055884  108.20146683
120 Linear Feature 1
111  16.03108082  108.20223324 51
116  16.03071744  108.20275042  16.03076906  108.20316400
120 Linear Feature 22
111  16.03874462  108.20255620 51
112  16.03859656  108.20277312  16.03863574  108.20295474 51
111  16.03873549  108.20370347 51
112  16.03864229  108.20387317  16.03854450  108.20390186
111  16.03864229  108.20387317
112  16.03864229  108.20387317  16.03861830  108.20388021 51
112  16.03855025  108.20387026  16.03851235  108.20386004
111  16.03855025  108.20387026
112  16.03855025  108.20387026  16.03852713  108.20386403 51
112  16.03847641  108.20385150  16.03845055  108.20384526
111  16.03847641  108.20385150
112  16.03847641  108.20385150  16.03839862  108.20383273 51
112  16.03823656  108.20379933  16.03816129  108.20378425
111  16.03823656  108.20379933
112  16.03823656  108.20379933  16.03812863  108.20377771 51
111  16.03804440  108.20376277 51
112  16.03788766  108.20391845  16.03785559  108.20410378
111  16.03788766  108.20391845
112  16.03788766  108.20391845  16.03788255  108.20394797 51
112  16.03786670  108.20403067  16.03785801  108.20407180
111  16.03786670  108.20403067
112  16.03786670  108.20403067  16.03784245  108.20414547 51
112  16.03777039  108.20443404  16.03773438  108.20457608
111  16.03777039  108.20443404
112  16.03777039  108.20443404  16.03774430  108.20453998 51
115  16.03764221  108.20452117
120 Linear Feature 7
111  16.04920176  108.20083861 51
116  16.04900849  108.20105487  16.04879885  108.20108440
120 Linear Feature 6
111  16.04915349  108.20051135 51
111  16.04920176  108.20083861 51
116  16.04943165  108.20099368  16.04963314  108.20096702
120 Linear Feature 4
111  16.05126343  108.19615714 51
116  16.05115225  108.19638276  16.05101242  108.19640452
120 Linear Feature 3
111  16.05368720  108.19560870 51
116  16.05379353  108.19599357  16.05408178  108.19595195
120 Linear Feature 2
111  16.05763607  108.19453571 51
111  16.05722416  108.19461406 51
112  16.05686307  108.19480764  16.05688313  108.19495947
111  16.05686307  108.19480764
112  16.05686307  108.19480764  16.05687060  108.19486464 51
112  16.05693600  108.19531722  16.05697102  108.19555870
111  16.05693600  108.19531722
112  16.05693600  108.19531722  16.05695282  108.19543319 51
112  16.05698764  108.19567244  16.05700458  108.19578872
111  16.05698764  108.19567244
112  16.05698764  108.19567244  16.05702938  108.19595898 51
111  16.05706535  108.19620481 51
116  16.05688529  108.19650879  16.05666687  108.19654211
120 Linear Feature 23
111  16.03911975  108.20303505 51
112  16.03921630  108.20313957  16.03923582  108.20325177 51
111  16.03929363  108.20355757 51
112  16.03938473  108.20367290  16.03945690  108.20366147 51
111  16.03950650  108.20364886 51
116  16.03954619  108.20354323  16.03952717  108.20344435
120 Linear Feature 5
111  16.05448241  108.19589157 51
112  16.05462101  108.19557370  16.05459228  108.19529219
111  16.05462101  108.19557370
112  16.05462101  108.19557370  16.05459960  108.19536389 51
112  16.05455261  108.19506082  16.05453767  108.19496756
111  16.05455261  108.19506082
112  16.05455261  108.19506082  16.05452737  108.19490981 51
115  16.05464969  108.19477541
120 Linear Feature 10
112  16.05745065  108.19876870  16.05743473  108.19869690 51 101
112  16.05704049  108.19848084  16.05684697  108.19848449
111  16.05704049  108.19848084
112  16.05704049  108.19848084  16.05704303  108.19848404 51 101
116  16.05677612  108.19852038  16.05673797  108.19852457
120 Linear Feature 9
112  16.05736215  108.19983403  16.05739840  108.19981973 51 101
116  16.05755913  108.19947555  16.05754157  108.19930331
120 Linear Feature 8
112  16.05789375  108.19975590  16.05782451  108.19976170 51 101
116  16.05755913  108.19947555  16.05752486  108.19927465
120 Linear Feature 7
111  16.05742259  108.19982535 51 101
116  16.05762925  108.20001809  16.05766101  108.20020634
120 Linear Feature 6
111  16.05782354  108.19976566 51 101
116  16.05762925  108.20001809  16.05765739  108.20024459
120 Linear Feature 5
111  16.05799153  108.19834440 51 101
112  16.05780509  108.19836783  16.05780411  108.19836820
111  16.05780509  108.19836783
112  16.05780509  108.19836783  16.05763520  108.19842568 51 101
112  16.05745065  108.19876870  16.05748132  108.19897197
111  16.05745065  108.19876870
112  16.05745065  108.19876870  16.05746841  108.19889477 51 101
112  16.05757883  108.19963555  16.05762262  108.20001406
111  16.05757883  108.19963555
112  16.05757883  108.19963555  16.05759655  108.19978869 51 101
116  16.05783546  108.20155435  16.05784571  108.20165697
120 Linear Feature 3
111  16.04954138  108.20154108 51 101
112  16.04940959  108.20177309  16.04943377  108.20193368 51 101
115  16.04949947  108.20243224
120 Linear Feature 3
111  16.04993508  108.20093034 51 101
112  16.04984209  108.20115429  16.04986627  108.20131487 51 101
115  16.04999799  108.20232607
120 Linear Feature 3
111  16.05033888  108.20086624 51 101
112  16.05024589  108.20109019  16.05027007  108.20125078 51 101
115  16.05039654  108.20226610
120 Linear Feature 3
111  16.05074577  108.20080609 51 101
112  16.05064285  108.20105458  16.05066454  108.20122938 51 101
115  16.05079972  108.20219008
120 Linear Feature 3
111  16.05113782  108.20074856 51 101
112  16.05103980  108.20097625  16.05106398  108.20113683 51 101
115  16.05120692  108.20216269
120 Linear Feature 3
111  16.05165759  108.20068223 51 101
112  16.05156459  108.20090618  16.05158877  108.20106677 51 101
115  16.05175165  108.20231296
120 Linear Feature 3
111  16.05243981  108.20055940 51 101
112  16.05228206  108.20078101  16.05230624  108.20094160 51 101
115  16.05243943  108.20203452
120 Linear Feature 3
111  16.05301983  108.20047399 51 101
112  16.05291015  108.20068703  16.05293433  108.20084762 51 101
115  16.05308029  108.20193874
120 Linear Feature 3
111  16.05369513  108.20037258 51 101
112  16.05356160  108.20060536  16.05358990  108.20078313
111  16.05356160  108.20060536
112  16.05356160  108.20060536  16.05358853  108.20076738 51 101
115  16.05373835  108.20184761
120 Linear Feature 1
111  16.05452507  108.20144828 51 102
112  16.05451614  108.20150092  16.05450891  108.20152348 51 102
115  16.05442531  108.20164749
120 Linear Feature 3
111  16.05448509  108.20024314 51 101
112  16.05437450  108.20046045  16.05438262  108.20060315
111  16.05437450  108.20046045
112  16.05437450  108.20046045  16.05439867  108.20062104 51 101
115  16.05452526  108.20144907
120 Linear Feature 3
111  16.05589076  108.20004666 51 101
112  16.05578125  108.20027479  16.05579587  108.20043538
111  16.05578125  108.20027479
112  16.05578125  108.20027479  16.05578727  108.20033301 51 101
115  16.05595427  108.20155308
120 Linear Feature 3
111  16.05529857  108.20012939 51 101
112  16.05510839  108.20037396  16.05508787  108.20053216
111  16.05510839  108.20037396
112  16.05510839  108.20037396  16.05513256  108.20053455 51 101
115  16.05528335  108.20161856
120 Linear Feature 3
111  16.05501043  108.20016913 51 101
112  16.05477301  108.20054682  16.05477490  108.20080762
111  16.05477301  108.20054682
112  16.05477301  108.20054682  16.05479718  108.20070741 51 101
115  16.05493695  108.20175110
120 Linear Feature 3
111  16.05574737  108.20006647 51 101
112  16.05547132  108.20043342  16.05546454  108.20072624
111  16.05547132  108.20043342
112  16.05547132  108.20043342  16.05549755  108.20059402 51 101
115  16.05564128  108.20167256
120 Linear Feature 3
111  16.05655665  108.19995123 51 101
112  16.05642917  108.20018581  16.05645334  108.20034641 51 101
115  16.05659273  108.20140181
120 Linear Feature 3
112  16.05633859  108.19998193  16.05630505  108.19998517 51 101
112  16.05612079  108.20034840  16.05613811  108.20053329
111  16.05612079  108.20034840
112  16.05612079  108.20034840  16.05614892  108.20053785 51 101
115  16.05628831  108.20154128
120 Linear Feature 3
111  16.05736215  108.19983403 51 101
112  16.05725296  108.20009652  16.05728350  108.20029025
111  16.05725296  108.20009652
112  16.05725296  108.20009652  16.05727714  108.20025712 51 101
115  16.05746126  108.20160474
120 Linear Feature 3
112  16.05702623  108.19988412  16.05693735  108.19988172 51 101
112  16.05677393  108.20026261  16.05680179  108.20045755
111  16.05677393  108.20026261
112  16.05677393  108.20026261  16.05679811  108.20042321 51 101
115  16.05696488  108.20166113
120 Linear Feature 3
112  16.05828023  108.19969872  16.05817956  108.19972105 51 101
112  16.05802075  108.20008224  16.05803502  108.20027546
111  16.05802075  108.20008224
112  16.05802075  108.20008224  16.05804492  108.20024283 51 101
115  16.05821185  108.20149061
120 Linear Feature 3
111  16.05878159  108.19962719 51 101
112  16.05865162  108.19983727  16.05867580  108.19999787 51 101
115  16.05875603  108.20055163
120 Linear Feature 3
111  16.05969106  108.19950110 51 101
112  16.05955084  108.19976180  16.05958303  108.19996890
111  16.05955084  108.19976180
112  16.05955084  108.19976180  16.05957501  108.19992239 51 101
115  16.05958723  108.20004843
120 Linear Feature 3
111  16.05923407  108.19956501 51 101
112  16.05910743  108.19983110  16.05914885  108.20004898
111  16.05910743  108.19983110
112  16.05910743  108.19983110  16.05913161  108.19999170 51 101
115  16.05915020  108.20011360
120 Linear Feature 4
111  16.05228071  108.20077995 51 101
116  16.05212441  108.20061472  16.05199529  108.20063599
120 Linear Feature 4
111  16.05290892  108.20068648 51 101
116  16.05272360  108.20051736  16.05259503  108.20053461
120 Linear Feature 4
111  16.05356282  108.20059835 51 101
116  16.05339891  108.20041769  16.05325987  108.20042041
120 Linear Feature 4
111  16.05437450  108.20046045 51 101
116  16.05421619  108.20027917  16.05408783  108.20028726
120 Linear Feature 4
111  16.05394497  108.20053915 51 101
116  16.05372888  108.20036530  16.05355024  108.20036940
120 Linear Feature 4
111  16.05578125  108.20027479 51 101
116  16.05557140  108.20009265  16.05543368  108.20010497
120 Linear Feature 4
111  16.05510839  108.20037396 51 101
116  16.05493075  108.20018052  16.05477526  108.20016243
120 Linear Feature 4
111  16.05477301  108.20054682 51 101
116  16.05447157  108.20024366  16.05426909  108.20025181
120 Linear Feature 4
112  16.05547132  108.20043342  16.05546177  108.20033901 51 101
116  16.05517338  108.20014849  16.05499519  108.20011836
120 Linear Feature 4
111  16.05642917  108.20018581 51 101
116  16.05624665  108.19999493  16.05611753  108.20001192
120 Linear Feature 4
111  16.05612079  108.20034840 51 101
116  16.05577257  108.20006408  16.05551596  108.20006954
120 Linear Feature 4
111  16.05725296  108.20009652 51 101
116  16.05702623  108.19988412  16.05682230  108.19991451
120 Linear Feature 4
112  16.05677393  108.20026261  16.05674169  108.20010157 51 101
116  16.05639484  108.19997393  16.05621952  108.20000357
120 Linear Feature 4
111  16.05802075  108.20008224 51 101
112  16.05774335  108.19977735  16.05748736  108.19972820
111  16.05774335  108.19977735
112  16.05774335  108.19977735  16.05768019  108.19975582 51 101
116  16.05756976  108.19955819  16.05754956  108.19946592
120 Linear Feature 4
111  16.05998893  108.19964026 51 101
116  16.06011057  108.19944750  16.06020746  108.19940719
120 Linear Feature 4
111  16.05865162  108.19983727 51 101
116  16.05846641  108.19967177  16.05832425  108.19966309
120 Linear Feature 4
112  16.05955084  108.19976180  16.05953412  108.19966987 51 101
116  16.05935767  108.19954840  16.05923144  108.19956436
120 Linear Feature 4
112  16.05910743  108.19983110  16.05909188  108.19973513 51 101
116  16.05891298  108.19960901  16.05877741  108.19960287
120 Linear Feature 2
111  16.05979163  108.19948828 51 101
116  16.05998893  108.19964026  16.06004016  108.19980306
120 Linear Feature 2
111  16.06011057  108.19944750 51 101
112  16.06033836  108.19944860  16.06043419  108.19949544
111  16.06033836  108.19944860
112  16.06033836  108.19944860  16.06034695  108.19945280
112  16.06036314  108.19946353  16.06037103  108.19946932
111  16.06036314  108.19946353
112  16.06036314  108.19946353  16.06039758  108.19948879 51 101
116  16.06043287  108.19959583  16.06044156  108.19966153
120 Linear Feature 1
111  16.05998893  108.19964026 51 101
115  16.06009021  108.20034442
120 Linear Feature 1
111  16.06037644  108.19905043 51 101
111  16.06038656  108.19914817
111  16.06038937  108.19917538 51 101
111  16.06043292  108.19959608 51 101
115  16.06052707  108.20029529
120 Linear Feature 2
111  16.05979348  108.19808540 51 101
112  16.05989614  108.19807260  16.05995759  108.19806683
111  16.05989614  108.19807260
112  16.05989614  108.19807260  16.05996027  108.19806672 51 101
112  16.06028100  108.19840969  16.06032090  108.19865304
111  16.06028100  108.19840969
112  16.06028100  108.19840969  16.06032977  108.19870711 51 101
111  16.06037644  108.19905043 51 101
112  16.06011057  108.19944750  16.05983549  108.19952055
111  16.06011057  108.19944750
112  16.06011057  108.19944750  16.05997773  108.19946533 51 101
112  16.05820372  108.19971163  16.05793726  108.19975818
111  16.05820372  108.19971163
112  16.05820372  108.19971163  16.05812240  108.19972483 51 101
112  16.05795311  108.19974691  16.05786901  108.19976053
111  16.05795311  108.19974691
112  16.05795311  108.19974691  16.05790972  108.19975394 51 101
112  16.05782354  108.19976566  16.05777950  108.19977279
111  16.05782354  108.19976566
112  16.05782354  108.19976566  16.05769637  108.19978625 51 101
112  16.05743313  108.19982358  16.05730130  108.19984488
111  16.05743313  108.19982358
112  16.05743313  108.19982358  16.05724062  108.19985469 51 101
112  16.05557140  108.20009265  16.05541141  108.20011833
111  16.05557140  108.20009265
112  16.05557140  108.20009265  16.05548737  108.20010614 51 101
112  16.05429139  108.20026823  16.05416945  108.20028772
111  16.05429139  108.20026823
112  16.05429139  108.20026823  16.05426848  108.20027189 51 101
112  16.05339891  108.20041769  16.05287577  108.20049595
111  16.05339891  108.20041769
112  16.05339891  108.20041769  16.05202218  108.20062366 51 101
112  16.04949020  108.20098559  16.04943051  108.20099394
111  16.04949020  108.20098559
112  16.04949020  108.20098559  16.04935483  108.20100452 51 101
112  16.04900849  108.20105487  16.04886120  108.20107575
111  16.04900849  108.20105487
112  16.04900849  108.20105487  16.04850877  108.20112571 51 101
112  16.04732558  108.20129735  16.04670849  108.20138728
111  16.04732558  108.20129735
112  16.04732558  108.20129735  16.04722004  108.20131273 51 101
112  16.04700458  108.20134420  16.04689614  108.20136005
111  16.04700458  108.20134420
112  16.04700458  108.20134420  16.04616138  108.20146742 51 101
112  16.04425335  108.20174322  16.04327535  108.20188765
111  16.04425335  108.20174322
112  16.04425335  108.20174322  16.04415400  108.20175789 51 101
112  16.04380097  108.20179723  16.04370065  108.20181205
111  16.04380097  108.20179723
112  16.04380097  108.20179723  16.04222430  108.20203012 51 101
112  16.03901541  108.20250934  16.03735352  108.20275176
111  16.03901541  108.20250934
112  16.03901541  108.20250934  16.03885892  108.20253217 51 101
112  16.03855531  108.20258689  16.03839962  108.20260951
111  16.03855531  108.20258689
112  16.03855531  108.20258689  16.03778333  108.20269904 51 101
112  16.03629195  108.20291275  16.03556094  108.20301711
111  16.03629195  108.20291275
112  16.03629195  108.20291275  16.03619199  108.20292702 51 101
112  16.03599376  108.20295528  16.03589494  108.20296936
111  16.03599376  108.20295528
112  16.03599376  108.20295528  16.03396652  108.20324408 51 101
112  16.03105513  108.20364762  16.02992069  108.20380411
111  16.03105513  108.20364762
112  16.03105513  108.20364762  16.03088126  108.20367160 51 101
112  16.03058022  108.20371301  16.03043794  108.20373257
111  16.03058022  108.20371301
112  16.03058022  108.20371301  16.03043651  108.20373276 51 101
112  16.03013122  108.20378059  16.03002265  108.20379546
111  16.03013122  108.20378059
112  16.03013122  108.20378059  16.02984006  108.20382047 51 101
111  16.02972495  108.20380299 51 101
112  16.02931050  108.20337455  16.02923454  108.20301334 51 101
111  16.02923524  108.20282042 51 101
116  16.02962483  108.20244253  16.03003931  108.20238570
120 Linear Feature 5
111  16.04935626  108.20139548 51 101
112  16.04930625  108.20152137  16.04926179  108.20157058 51 101
115  16.04919791  108.20159278
120 Linear Feature 4
112  16.04925047  108.20193978  16.04932392  108.20192579 51 101
112  16.04940545  108.20174833  16.04939028  108.20164330
111  16.04940545  108.20174833
112  16.04940545  108.20174833  16.04938502  108.20159320 51 101
115  16.04919791  108.20159278
120 Linear Feature 4
111  16.04932770  108.20228580 51 101
112  16.04945367  108.20208987  16.04943436  108.20195147 51 101
111  16.04925047  108.20193978 51 101
115  16.04872847  108.20200393
120 Linear Feature 4
111  16.04937725  108.20265821 51 101
112  16.04949947  108.20243224  16.04948195  108.20231058 51 101
111  16.04932770  108.20228580 51 101
115  16.04878232  108.20237048
120 Linear Feature 3
111  16.04920176  108.20083861 51 101
112  16.04924602  108.20098932  16.04927831  108.20105004 51 101
112  16.04932724  108.20116798  16.04933729  108.20122602
111  16.04932724  108.20116798
112  16.04932724  108.20116798  16.04932897  108.20118096 51 101
111  16.04935626  108.20139548 51 101
115  16.04940959  108.20177309
120 Linear Feature 2
111  16.05103775  108.20238229 51 101
111  16.05064129  108.20244122 51 101
111  16.05022938  108.20250283 51 101
111  16.04978374  108.20256593 51 101
111  16.04937725  108.20265821 51 101
115  16.04882388  108.20274012
120 Linear Feature 1
111  16.05955222  108.19812053 51 101
112  16.05965067  108.19810472  16.05969045  108.19809877 51 101
112  16.05980242  108.19814244  16.05983084  108.19815256
111  16.05980242  108.19814244
112  16.05980242  108.19814244  16.05985820  108.19816030 51 101
112  16.05999399  108.19814403  16.06007908  108.19812394 51 101
112  16.06022354  108.19771317  16.06018272  108.19745737
111  16.06022354  108.19771317
112  16.06022354  108.19771317  16.06018272  108.19750574 51 101
112  16.05982701  108.19742481  16.05969423  108.19743901 51 101
112  16.05961855  108.19752787  16.05958363  108.19756006 51 101
112  16.05924311  108.19801678  16.05915021  108.19810868 51 101
112  16.05895331  108.19820437  16.05886106  108.19821107
111  16.05895331  108.19820437
112  16.05895331  108.19820437  16.05891618  108.19820952 51 101
115  16.05867674  108.19824673
120 Linear Feature 3
111  16.05764787  108.20015314 51 101
112  16.05759728  108.20030631  16.05754589  108.20036540 51 101
115  16.05748925  108.20037948
120 Linear Feature 2
111  16.05786404  108.20032371 51 101
111  16.05680487  108.20047121 51 101
111  16.05567425  108.20061466 51 101
111  16.05342078  108.20096034 51 101
111  16.05178543  108.20120990 51 101
115  16.05144448  108.20126925
120 Linear Feature 1
112  16.04991553  108.20170696  16.04989474  108.20162269 51 101
116  16.04968582  108.20152150  16.04956927  108.20154032
120 Linear Feature 1
112  16.05032059  108.20165672  16.05029980  108.20157245 51 101
112  16.05008657  108.20147037  16.04997001  108.20148919
111  16.05008657  108.20147037
112  16.05008657  108.20147037  16.04996231  108.20148575 51 101
116  16.04991553  108.20170696  16.04992282  108.20179307
120 Linear Feature 1
112  16.05071685  108.20159534  16.05069813  108.20148201 51 101
112  16.05049460  108.20141688  16.05037805  108.20143570
111  16.05049460  108.20141688
112  16.05049460  108.20141688  16.05037035  108.20143226 51 101
116  16.05032059  108.20165672  16.05032788  108.20174283
120 Linear Feature 1
112  16.04949947  108.20243224  16.04951733  108.20254355 51 101
112  16.04978374  108.20256593  16.04989946  108.20254218
111  16.04978374  108.20256593
112  16.04978374  108.20256593  16.04990729  108.20254530 51 101
116  16.04999799  108.20232607  16.04998562  108.20219907
120 Linear Feature 1
112  16.04999799  108.20232607  16.05002206  108.20240939 51 101
112  16.05023477  108.20250164  16.05035049  108.20247789
111  16.05023477  108.20250164
112  16.05023477  108.20250164  16.05035833  108.20248101 51 101
116  16.05039654  108.20226610  16.05038589  108.20218037
120 Linear Feature 1
112  16.05039654  108.20226610  16.05042061  108.20234941 51 101
112  16.05064129  108.20244122  16.05075701  108.20241748
111  16.05064129  108.20244122
112  16.05064129  108.20244122  16.05076484  108.20242059 51 101
116  16.05079972  108.20219008  16.05078907  108.20210435
120 Linear Feature 1
112  16.05079972  108.20219008  16.05082379  108.20227339 51 101
112  16.05103800  108.20238270  16.05115372  108.20235895
111  16.05103800  108.20238270
112  16.05103800  108.20238270  16.05115857  108.20236207 51 101
116  16.05120692  108.20216269  16.05119627  108.20207696
120 Linear Feature 1
112  16.04984209  108.20115429  16.04982777  108.20106404 51 101
116  16.04961138  108.20096858  16.04949339  108.20098366
120 Linear Feature 1
112  16.05024515  108.20108873  16.05023083  108.20099848 51 101
116  16.05001544  108.20090926  16.04989745  108.20092434
120 Linear Feature 1
112  16.05063904  108.20103515  16.05062472  108.20094491 51 101
116  16.05040933  108.20085568  16.05029134  108.20087076
120 Linear Feature 1
112  16.05156124  108.20090028  16.05154692  108.20081004 51 101
116  16.05133153  108.20072081  16.05121354  108.20073589
120 Linear Feature 1
112  16.05103980  108.20097625  16.05102548  108.20088600 51 101
116  16.05081009  108.20079677  16.05069210  108.20081185
120 Linear Feature 1
112  16.05112006  108.20153898  16.05110099  108.20142331 51 101
112  16.05088497  108.20135995  16.05076842  108.20137877
111  16.05088497  108.20135995
112  16.05088497  108.20135995  16.05076072  108.20137533 51 101
116  16.05071685  108.20159534  16.05072414  108.20168145
120 Linear Feature 1
112  16.05163961  108.20147326  16.05161245  108.20138899 51 101
112  16.05133948  108.20128780  16.05118720  108.20130662
111  16.05133948  108.20128780
112  16.05133948  108.20128780  16.05117713  108.20130318 51 101
116  16.05112006  108.20153898  16.05112958  108.20162509
120 Linear Feature 1
112  16.05235468  108.20134362  16.05233487  108.20125936 51 101
116  16.05213576  108.20115817  16.05202469  108.20117699
120 Linear Feature 1
112  16.05298617  108.20123912  16.05296269  108.20108605 51 101
112  16.05264634  108.20107995  16.05256577  108.20109325
111  16.05264634  108.20107995
112  16.05264634  108.20107995  16.05252726  108.20109187 51 101
116  16.05235452  108.20134220  16.05236145  108.20142831
120 Linear Feature 1
112  16.05309636  108.20100994  16.05297727  108.20102186 51 101
116  16.05298637  108.20123919  16.05299332  108.20132530
120 Linear Feature 1
112  16.05363856  108.20111206  16.05361875  108.20102779 51 101
116  16.05342078  108.20096034  16.05331683  108.20097650
120 Linear Feature 1
112  16.05379892  108.20090337  16.05367984  108.20091529 51 101
116  16.05363856  108.20111206  16.05364551  108.20119817
120 Linear Feature 1
112  16.05444879  108.20098201  16.05442898  108.20089774 51 101
116  16.05420588  108.20083980  16.05412531  108.20085310
120 Linear Feature 1
112  16.05482653  108.20092802  16.05480672  108.20084375 51 101
112  16.05461765  108.20077448  16.05453708  108.20078778
111  16.05461765  108.20077448
112  16.05461765  108.20077448  16.05449857  108.20078640 51 101
116  16.05444879  108.20098201  16.05445574  108.20106812
120 Linear Feature 4
111  16.03038896  108.20400688 51 101
112  16.03031299  108.20384007  16.03025579  108.20379282
111  16.03031299  108.20384007
112  16.03031299  108.20384007  16.03025102  108.20378063 51 101
115  16.03013122  108.20378059
120 Linear Feature 1
112  16.05518381  108.20090609  16.05516400  108.20082182 51 101
112  16.05497756  108.20072313  16.05488108  108.20073146
111  16.05497756  108.20072313
112  16.05497756  108.20072313  16.05486963  108.20073671 51 101
116  16.05482653  108.20092802  16.05483029  108.20101164
120 Linear Feature 1
112  16.05553095  108.20085025  16.05551341  108.20073057 51 101
112  16.05532900  108.20066873  16.05524843  108.20068203
111  16.05532900  108.20066873
112  16.05532900  108.20066873  16.05520992  108.20068066 51 101
116  16.05518381  108.20090609  16.05519076  108.20099220
120 Linear Feature 1
111  16.03824877  108.20224580 51 101
112  16.03816567  108.20251687  16.03810000  108.20262093 51 101
115  16.03796102  108.20267249
120 Linear Feature 1
112  16.05585352  108.20081319  16.05583537  108.20069556 51 101
112  16.05566708  108.20061632  16.05558380  108.20062046
111  16.05566708  108.20061632
112  16.05566708  108.20061632  16.05555358  108.20064480 51 101
116  16.05553095  108.20085025  16.05553789  108.20093636
120 Linear Feature 1
112  16.05617752  108.20074511  16.05615771  108.20066084 51 101
112  16.05598557  108.20057801  16.05590500  108.20059131
111  16.05598557  108.20057801
112  16.05598557  108.20057801  16.05587445  108.20059407 51 101
116  16.05585352  108.20081319  16.05586046  108.20089930
120 Linear Feature 1
112  16.05650034  108.20070064  16.05648053  108.20061637 51 101
112  16.05632009  108.20053402  16.05623952  108.20054732
111  16.05632009  108.20053402
112  16.05632009  108.20053402  16.05621343  108.20054396 51 101
116  16.05617752  108.20074511  16.05618064  108.20080141
120 Linear Feature 1
112  16.05682914  108.20065863  16.05681264  108.20057712 51 101
112  16.05663861  108.20049423  16.05656263  108.20050634
111  16.05663861  108.20049423
112  16.05663861  108.20049423  16.05655315  108.20050894 51 101
116  16.05650034  108.20070064  16.05650728  108.20078675
120 Linear Feature 1
112  16.05732242  108.20057903  16.05729258  108.20049321 51 101
116  16.05713208  108.20042546  16.05701934  108.20041217
120 Linear Feature 1
112  16.05697361  108.20044716  16.05685894  108.20048547 51 101
116  16.05682914  108.20065863  16.05683499  108.20073627
120 Linear Feature 1
112  16.05769869  108.20052278  16.05767604  108.20043851 51 101
112  16.05748925  108.20037948  16.05739717  108.20039278
111  16.05748925  108.20037948
112  16.05748925  108.20037948  16.05735316  108.20039140 51 101
116  16.05732573  108.20060093  16.05733367  108.20068704
120 Linear Feature 1
112  16.05764787  108.20015314  16.05765938  108.20023982 51 101
112  16.05786404  108.20032371  16.05799109  108.20032011
111  16.05786404  108.20032371
112  16.05786404  108.20032371  16.05798616  108.20029650 51 101
116  16.05802075  108.20008224  16.05800425  108.19997040
120 Linear Feature 1
112  16.05807394  108.20046749  16.05805129  108.20038322 51 101
112  16.05786404  108.20032371  16.05777196  108.20033701
111  16.05786404  108.20032371
112  16.05786404  108.20032371  16.05772795  108.20033564 51 101
116  16.05770053  108.20054517  16.05771077  108.20062026
21  16.05651537  108.19905180 2 172.0600 3.00 17L PAPI-4L
21  16.03232061  108.20162679 2 352.0600 3.00 35R PAPI-4L
20  16.03762348  108.19875837 81.2500 0 3 {@L}W2{@R}17R-35L
20  16.03792514  108.19872159 81.2500 0 3 {@L}W2{@R}17R-35L
20  16.03067255  108.19950252 171.5500 0 3 {@L}W1{@R}35L
20  16.04851591  108.19714233 81.0900 0 3 {@L}W4{@R}17R-35L
20  16.04882793  108.19709032 81.0900 0 3 {@L}W4{@R}17R-35L
20  16.03583727  108.20282366 351.4700 0 3 {@Y,^u}APRON{^r}M3L-1/2{^r,@@,^u}E1-E
20  16.03586816  108.20314705 351.4700 0 3 {@Y,^u}APRON{^r}M3L-1/2{^r,@@,^u}E1-E
20  16.03142339  108.20348375 171.8700 0 3 {@Y,^u}E|E1{^r}
20  16.03144824  108.20375220 171.8700 0 3 {@Y,^u}E|E1{^r}
20  16.03020785  108.20357737 349.6300 0 3 {@Y,^u}APRON|M1{^r,@@,^u}E
20  16.02942526  108.20302389 261.4000 0 3 {@L}E{@R}35R{@@,@Y,^l}APRON
20  16.02907934  108.20308278 261.4000 0 3 {@L}E{@R}35R{@@,@Y,^l}APRON
20  16.03635953  108.20276159 171.1700 0 3 {@Y,^l}M1-2|{^u}E1-E{@@,^u}APRON|{^u}M3
20  16.03639413  108.20303096 171.1700 0 3 {@Y,^l}M1-2|{^u}E1-E{@@,^u}APRON|{^u}M3
20  16.05784745  108.19923357 259.4700 0 3 {@L}E6{@R}35R-17L{@Y,^u}G6{@@,^u}APRON
20  16.03843262  108.20208399 260.1600 0 3 {@L}E2{@R}35R-17L{@Y,^u}G2{@@,^u}APRON{^r}M1
20  16.03103841  108.20282945 263.8200 0 3 {@L}E1{@R}35R-17L{@Y,^u}G1{@@,^l}APRON
20  16.05723184  108.19583778 80.9100 0 3 {@L}W7{@R}17R|{^u}17L{@@,@Y,^u}A32
20  16.03041807  108.20290771 265.4300 0 3 {@L}E1{@R}35R-17L{@Y,^u}G1{@@,^l}APRON
20  16.03872729  108.20282658 261.6000 0 3 {@Y,^l}E|35R-17L|E{^r}
20  16.03601352  108.20321217 261.6000 0 3 {@Y,^l}E|35R-17L|E{^r,@@,^l}M3_|M2{^r}
20  16.03631466  108.20315808 261.6000 0 3 {@Y,^l}E|35R-17L|E{^r,@@,^l}M3|M2{^r}
20  16.03845566  108.20286569 261.6000 0 3 {@Y,^l}E|35R-17L|E{^r}
20  16.03802577  108.20214014 260.1600 0 3 {@L}E2{@R}35R-17L{@Y,^u}G2{@@,^u}APRON{^r}M1
20  16.04417006  108.20129577 260.3100 0 3 {@L}E3{@R}35R-17L{@@,@Y,^l}APRON|{^u}M3
20  16.04386968  108.20133662 260.3100 0 3 {@L}E3{@R}35R-17L{@@,@Y,^l}APRON|{^u}M3
20  16.04836102  108.20146427 79.2200 0 3 {@Y,^l}10-28|29-34{^u,@@,@R}35R-17L
20  16.04951391  108.20060189 79.2200 0 3 {@Y,^l}10-28|29-34{^u,@@,@R}35R-17L
20  16.04932212  108.20047794 262.0400 0 3 {@L}E4{@R}35R-17L{@Y,^u}G4{@@,^l}E|{^l}APRON|E{^r}
20  16.04689804  108.20151373 351.6300 0 3 {@Y,^u}APRON|16-23{^r,@@,@L}A{@Y,^u}A4-A7
20  16.04686937  108.20121842 351.6300 0 3 {@Y,^u}APRON|16-23{^r,@@,@L}A{@Y,^u}A4-A7
20  16.04895232  108.20053854 262.0400 0 3 {@L}E4{@R}35R-17L{@Y,^u}G4{@@,^l}E|{^l}APRON|E{^r}
20  16.05723318  108.19933174 259.4700 0 3 {@L}E6{@R}35R-17L{@Y,^u}G6{@@,^u}APRON
20  16.05653866  108.19546378 352.0600 0 3 {@Y,^l}A32{@R}17R{^r}
20  16.05440953  108.19579979 353.9300 0 3 {@Y,^l}A32
20  16.05298082  108.19600261 354.2500 0 3 {@Y,^lu}A32
20  16.05106472  108.19627551 352.0900 0 3 {@Y,^l}A32
20  16.03026299  108.20394330 261.8700 0 3 {@Y,^l}35R|{^u}35L17R|17L{^r}
20  16.04455844  108.20150062 170.6700 0 3 {@Y,^l}M3|{^u}E2-E|E3{^r}
20  16.04460473  108.20185728 170.6700 0 3 {@Y,^l}M3|{^u}E2-E|E3{^r}
20  16.03072957  108.20076612 261.7600 0 3 {@L}G1{@R}35L-17R{@@,@Y,^u}APRON|{^u}E1
20  16.03018534  108.20086061 261.7600 0 3 {@L}G1{@R}35L-17R{@@,@Y,^u}APRON|{^u}E1
20  16.06056081  108.19885866 294.4000 0 3 {@L}E7{@R}17L{@@,@Y}APRON{^r}
20  16.06016347  108.19890916 260.8000 0 3 {@L}E7{@R}17L{@@,@Y}APRON{^r}
1300  16.03732477  108.20377602 261.00 tie_down fighters New Ramp Start 6
1301 B military 
1300  16.03759216  108.20373028 261.00 tie_down fighters New Ramp Start 6
1301 B military 
1300  16.03695369  108.20384079 261.00 tie_down fighters New Ramp Start 6
1301 B military 
1300  16.05763084  108.19453772 170.49 tie_down jets New Ramp Start 5
1301 C military 
1300  16.03883647  108.20442550 103.92 tie_down fighters New Ramp Start 140
1301 A military 
1300  16.04868569  108.20166821 172.05 gate jets|turboprops|props Gate 36
1301 C none 
1300  16.04873181  108.20200391 172.92 gate jets|turboprops|props Gate 35
1301 C none 
1300  16.04878611  108.20237005 171.55 gate jets|turboprops|props Gate 34
1301 C none 
1300  16.04883480  108.20273921 173.17 gate jets|turboprops|props Gate 33
1301 C none 
1300  16.04998433  108.20222248  80.94 gate jets|turboprops|props Gate 32
1301 C none 
1300  16.05038286  108.20215187  80.94 tie_down jets|turboprops|props Gate 31
1301 E none 
1300  16.05078565  108.20208966  80.94 tie_down heavy|jets|turboprops|props Gate 30
1301 E none 
1300  16.05118946  108.20203722  80.94 tie_down jets|turboprops|props Gate 29
1301 C none 
1300  16.05174691  108.20227772  80.94 gate jets|turboprops|props Gate 28
1301 C none 
1300  16.05243776  108.20202600  80.94 tie_down heavy|jets Gate 26
1301 E general_aviation 
1300  16.05307995  108.20193986  80.94 gate heavy|jets Gate 25
1301 E general_aviation 
1300  16.05373683  108.20183390  80.94 gate heavy|jets|turboprops|props Gate 23
1301 E general_aviation 
1300  16.05493575  108.20173283  80.94 gate heavy|jets Gate 20
1301 E general_aviation 
1300  16.05563920  108.20166218  80.94 tie_down heavy|jets Gate 18
1301 E general_aviation 
1300  16.05628652  108.20153112  80.94 gate heavy|jets Gate 16
1301 E general_aviation 
1300  16.05695109  108.20155822  80.94 gate heavy|jets Gate 14
1301 E general_aviation 
1300  16.05818302  108.20128169  80.94 tie_down heavy|jets Gate 10
1301 C general_aviation 
1300  16.05528159  108.20159982  80.94 tie_down turboprops|props Gate 19
1301 B general_aviation 
1300  16.05594974  108.20152986  80.94 tie_down turboprops|props Gate 17
1301 B general_aviation 
1300  16.05659016  108.20137375  80.94 tie_down turboprops|props Gate 15
1301 B general_aviation 
1300  16.05742023  108.20131269  80.94 tie_down heavy|jets Gate 12
1301 C general_aviation 
1300  16.05780758  108.20133285  80.94 tie_down heavy|jets Gate 11
1301 C general_aviation 
1300  16.05875111  108.20052306  82.52 tie_down jets|turboprops Gate 9
1301 C general_aviation 
1300  16.05919342  108.20044494  82.52 tie_down jets|turboprops Gate8
1301 C general_aviation 
1300  16.06052263  108.20026192  81.98 tie_down jets|turboprops Gate 5
1301 C general_aviation 
1300  16.06008479  108.20032262  82.52 tie_down jets|turboprops Gate6
1301 C general_aviation 
1300  16.05963687  108.20039997  82.52 tie_down jets|turboprops Gate7
1301 C general_aviation 
1300  16.05542234  108.19472217  12.28 tie_down fighters New Ramp Start 18
1301 B military 
1300  16.05829137  108.19444751  63.43 tie_down helos New Ramp Start 19
1301 A military 
1300  16.05430040  108.20184058 123.54 gate heavy New Ramp Start 5
1301 E airline 
53 12190 GND
53 12160 GND
54 12500 TWR
55 11950 APP
55 12530 APP
1200 
1201  16.05219827  108.20254207 both 0 X45_stop
1201  16.05208225  108.20254202 both 1 X45_stop
1201  16.05204480  108.20233948 both 2 X45_stop
1201  16.05202891  108.20231021 both 3 X45_stop
1201  16.05167608  108.20236112 both 4 X45_stop
1201  16.05157812  108.20245662 both 5 X45_start
1201  16.05783186  108.20206093 both 6 R3_stop
1201  16.05780659  108.20221687 both 7 R3_stop
1201  16.05787429  108.20266213 both 8 R3_stop
1201  16.05861623  108.20250565 both 9 R3_start
1201  16.06081584  108.20035257 both 10 T5_stop
1201  16.05865904  108.20111567 both 11 T5_stop
1201  16.05499056  108.20206888 both 12 T5_stop
1201  16.05777990  108.20161642 both 13 T5_stop
1201  16.05226374  108.20250957 both 14 T5_stop
1201  16.05229817  108.20263517 both 15 T5_stop
1201  16.05236533  108.20305675 both 16 T5_stop
1201  16.05176303  108.20315595 both 17 T5_stop
1201  16.05163629  108.20310635 both 18 T5_stop
1201  16.05135139  108.20301730 both 19 T5_start
1201  16.03033175  108.19956169 both 20 A_stop
1201  16.03039779  108.19944023 both 21 A_stop
1201  16.03049136  108.19938932 both 22 A_stop
1201  16.03065958  108.19936096 both 23 A_stop
1201  16.05673782  108.19556494 both 24 A_stop
1201  16.05682797  108.19555082 both 25 A_stop
1201  16.05692583  108.19557441 both 26 A_stop
1201  16.05698970  108.19567088 both 27 A_stop
1201  16.04866083  108.19712595 both 28 A_stop
1201  16.04874623  108.19769059 both 29 A_start
1201  16.03778025  108.19873532 both 30 A_stop
1201  16.03042041  108.20034911 both 31 A_stop
1201  16.05711493  108.19647447 both 32 A_start
1201  16.03784001  108.19927248 both 33 A_start
1201  16.05702910  108.19589450 both 34 A_start
1201  16.04389198  108.20039019 both 35 A_start
1201  16.04402941  108.20131028 both 36 A_start
1201  16.02935461  108.20353787 both 37 A_stop
1201  16.02927194  108.20304665 both 38 A_stop
1201  16.02949032  108.20374397 both 39 A_stop
1201  16.02967999  108.20382414 both 40 A_stop
1201  16.02996661  108.20380273 both 41 A_stop
1201  16.04949020  108.20098559 both 42 A_stop
1201  16.04921813  108.20102534 both 43 A_stop
1201  16.04410022  108.20178911 both 44 A_stop
1201  16.03829108  108.20262524 both 45 A_stop
1201  16.03083609  108.20367667 both 46 A_stop
1201  16.04914151  108.20050725 both 47 A_stop
1201  16.05130708  108.20078606 both 48 A_stop
1201  16.05156046  108.20077640 both 49 A_stop
1201  16.05176417  108.20078113 both 50 A_stop
1201  16.05200390  108.20077336 both 51 A_stop
1201  16.06011057  108.19944750 both 52 A_stop
1201  16.05762030  108.19987864 both 53 A_stop
1201  16.05758007  108.19988525 both 54 A_stop
1201  16.06027810  108.19935359 both 55 A_stop
1201  16.06034136  108.19924241 both 56 A_stop
1201  16.06037644  108.19905043 both 57 A_stop
1201  16.02918098  108.20250767 both 58 _stop
1201  16.06022150  108.19802474 both 59 _start
1201  16.06034961  108.19887462 both 60 _start
1201  16.05739639  108.19842939 both 61 _start
1201  16.04902401  108.19964081 both 62 _start
1201  16.03810874  108.20121572 both 63 _start
1201  16.03066136  108.20229419 both 64 _start
1201  16.03073143  108.20286346 both 65 _start
1201  16.03822389  108.20210478 both 66 _start
1201  16.05753137  108.19927162 both 67 _start
1201  16.05867593  108.20129678 both 68 CL_stop
1201  16.05866573  108.20145971 both 69 CL_stop
1201  16.05868965  108.20144320 both 70 CL_stop
1201  16.05803100  108.20156221 both 71 CL_stop
1201  16.05805675  108.20171228 both 72 CL_start
1201  16.05803324  108.20157527 both 73 CL_start
1201  16.05848752  108.20059159 both 74 BT_stop
1201  16.05855138  108.20059588 both 75 BT_stop
1201  16.05857920  108.20066663 both 76 BT_stop
1201  16.05856773  108.20061676 both 77 BT_stop
1201  16.05861010  108.20070414 both 78 BT_stop
1201  16.05859680  108.20068822 both 79 BT_stop
1201  16.05865439  108.20069771 both 80 BT_stop
1201  16.05892016  108.20065805 both 81 BT_start
1201  16.05368807  108.20192379 both 82 F_stop
1201  16.05362613  108.20138146 both 83 F_stop
1202 20 31 twoway taxiway_C B
1204 departure 17R,35L
1204 arrival 17R,35L
1202 21 20 twoway taxiway_C B
1202 22 21 twoway taxiway_C B
1202 23 22 twoway taxiway_C B
1202 24 23 twoway taxiway_C B
1202 25 24 twoway taxiway_C B
1202 26 25 twoway taxiway_C B
1202 27 26 twoway taxiway_C B
1202 32 34 twoway taxiway_C B
1204 departure 17R,35L
1204 arrival 17R,35L
1202 34 27 twoway taxiway_C B
1202 32 29 twoway runway 17R/35L
1204 departure 17R,35L
1204 arrival 17R,35L
1204 ils 17R,35L
1202 29 33 twoway runway 17R/35L
1204 departure 17R,35L
1204 arrival 17R,35L
1204 ils 17R,35L
1202 29 28 twoway taxiway_C B
1204 departure 17R,35L
1204 arrival 17R,35L
1202 33 30 twoway taxiway_C B
1204 departure 17R,35L
1204 arrival 17R,35L
1202 33 31 twoway runway 17R/35L
1204 departure 17R,35L
1204 arrival 17R,35L
1204 ils 17R,35L
1202 20 31 twoway taxiway_C B
1204 departure 17R,35L
1204 arrival 17R,35L
1202 32 34 twoway taxiway_C A
1204 departure 17R,35L
1204 arrival 17R,35L
1202 64 65 twoway taxiway_C A
1204 departure 17L,35R
1204 arrival 17L,35R
1202 65 46 twoway taxiway_C A
1202 63 66 twoway taxiway_C A
1204 departure 17L,35R
1204 arrival 17L,35R
1202 63 66 twoway taxiway_C A
1204 departure 17L,35R
1204 arrival 17L,35R
1202 66 45 twoway taxiway_C A
1202 35 36 twoway taxiway_C A
1204 departure 17L,35R
1204 arrival 17L,35R
1202 35 36 twoway taxiway_C A
1204 departure 17L,35R
1204 arrival 17L,35R
1202 36 44 twoway taxiway_C A
1202 62 47 twoway taxiway_C A
1204 departure 17L,35R
1204 arrival 17L,35R
1202 43 47 twoway taxiway_C A3
1202 47 62 twoway taxiway_C A3
1204 departure 17L,35R
1204 arrival 17L,35R
1202 59 60 twoway taxiway_C A
1204 departure 17L,35R
1204 arrival 17L,35R
1202 61 67 twoway taxiway_C A
1204 departure 17L,35R
1204 arrival 17L,35R
1202 58 38 twoway taxiway_C A
1204 departure 17L,35R
1204 arrival 17L,35R
1202 61 67 twoway taxiway_C A
1204 departure 17L,35R
1204 arrival 17L,35R
1202 67 53 twoway taxiway_C A
1202 37 38 twoway taxiway_C A
1202 38 58 twoway taxiway_C A
1204 departure 17L,35R
1204 arrival 17L,35R
1202 39 37 twoway taxiway_C A
1202 40 39 twoway taxiway_C A
1202 41 40 twoway taxiway_C A
1202 42 43 twoway taxiway_C A
1202 43 44 twoway taxiway_C A
1202 44 45 twoway taxiway_C A
1202 45 46 twoway taxiway_C A
1202 46 41 twoway taxiway_C A
1202 48 42 twoway taxiway_C A
1202 49 48 twoway taxiway_C A
1202 50 49 twoway taxiway_C A
1202 51 50 twoway taxiway_C A
1202 52 53 twoway taxiway_C A
1202 53 54 twoway taxiway_C A
1202 54 51 twoway taxiway_C A
1202 55 52 twoway taxiway_C A
1202 56 55 twoway taxiway_C A
1202 57 56 twoway taxiway_C A
1202 59 60 twoway taxiway_C A
1204 departure 17L,35R
1204 arrival 17L,35R
1202 60 57 twoway taxiway_C A
1202 59 61 twoway runway 17L/35R
1204 departure 17L,35R
1204 arrival 17L,35R
1204 ils 17L,35R
1202 61 62 twoway runway 17L/35R
1204 departure 17L,35R
1204 arrival 17L,35R
1204 ils 17L,35R
1202 62 63 twoway runway 17L/35R
1204 departure 17L,35R
1204 arrival 17L,35R
1204 ils 17L,35R
1202 63 64 twoway runway 17L/35R
1204 departure 17L,35R
1204 arrival 17L,35R
1204 ils 17L,35R
1202 64 58 twoway runway 17L/35R
1204 departure 17L,35R
1204 arrival 17L,35R
1204 ils 17L,35R
1206 0 14 twoway  X45
1206 1 0 twoway  X45
1206 2 1 twoway  X45
1206 3 2 twoway  X45
1206 4 3 twoway  X45
1206 5 4 twoway  X45
1206 6 13 twoway  R3
1206 7 6 twoway  R3
1206 8 7 twoway  R3
1206 9 8 twoway  R3
1206 79 10 twoway  T5
1206 11 79 twoway  T5
1206 70 68 twoway  T5
1206 12 13 twoway  T5
1206 13 73 twoway  T5
1206 14 12 twoway  T5
1206 15 14 twoway  T5
1206 16 15 twoway  T5
1206 17 16 twoway  T5
1206 18 17 twoway  T5
1206 19 18 twoway  T5
1206 75 74 twoway  CL
1206 77 75 twoway  CL
1206 68 77 twoway  CL
1206 69 70 twoway  CL
1206 71 69 twoway  CL
1206 72 73 twoway  CL
1206 73 71 twoway  CL
1206 75 74 twoway  BT
1206 76 77 twoway  BT
1206 77 75 twoway  BT
1206 78 79 twoway  BT
1206 79 76 twoway  BT
1206 80 78 twoway  BT
1206 81 80 twoway  BT
1206 83 82 twoway  F
1400  16.05414093  108.20197244  307.88 pushback 0 New Service Truck 31
1400  16.05370518  108.20202295  270.00 pushback 0 New Service Truck 30
1400  16.05242473  108.20221053  270.00 pushback 0 New Service Truck 29
1400  16.05153279  108.20248031  0.00 gpu 0 New Service Truck 27
1400  16.05153128  108.20245388  0.00 gpu 0 New Service Truck 26
1400  16.05176027  108.20256749  260.54 food 0 New Service Truck 25
1400  16.05172610  108.20257303  260.54 food 0 New Service Truck 24
1400  16.05168801  108.20257931  261.87 food 0 New Service Truck 23
1400  16.05165140  108.20258499  258.31 food 0 New Service Truck 22
1400  16.05869312  108.20251774  172.48 fuel_liners 0 New Service Truck 21
1400  16.05867588  108.20247317  172.48 fuel_liners 0 New Service Truck 20
1400  16.05212158  108.20266072  259.44 crew_car 0 New Service Truck 18
1400  16.05215279  108.20265701  262.30 crew_car 0 New Service Truck 17
1400  16.05128496  108.20306684  0.00 baggage_train 3 New Service Truck 16
1400  16.05128436  108.20303318  0.00 baggage_train 3 New Service Truck 15
1400  16.05128626  108.20299579  0.00 baggage_train 3 New Service Truck 12
1400  16.05128626  108.20295828  0.00 baggage_train 3 New Service Truck 11
1400  16.05181636  108.20302478  352.87 baggage_loader 0 New Service Truck 9
1400  16.05181697  108.20298924  351.40 baggage_loader 0 New Service Truck 8
1400  16.05190613  108.20301218  350.91 baggage_loader 0 New Service Truck 7
1400  16.05189830  108.20297820  350.54 baggage_loader 0 New Service Truck 6
1400  16.05806886  108.20182718  260.02 crew_limo 0 Crew Limo 3
1400  16.05901428  108.20090541  113.36 baggage_train 3 Bag train 1
1400  16.05429073  108.20226686  260.17 fuel_jets 0 Fuel truck1
99
